% Model:              Untitled.mph
% Version:            COMSOL 6.1.0.357
% Date:               Jan 20 2025, 18:49
% Dimension:          3
% Nodes:              142
% Expressions:        1
% Description:        Potenziale elettrico
% Length unit:        mm
% x                       y                        z                        V (V)
-3.892                    6.928203230275509        35.9                     77.77040734838515
-4.009                    6.928203230275509        35.964                   77.94802665633189
-4.089                    6.928203230275509        36.075                   78.05360054728413
-4.102                    6.928203230275509        35.899                   77.28044143800322
-3.816                    6.928203230275509        35.993                   78.2019903678721
-3.9909999999999997       6.928203230275509        36.257                   79.20838389755518
-4.093                    6.928203230275509        36.18200000000001        78.4699310752194
-3.974                    6.928203230275509        36.232                   79.11518399156586
-3.868                    6.928203230275509        36.272                   79.34791880689419
-3.9510000000000005       6.928203230275509        36.239                   79.15816992205731
-4.177                    6.928203230275509        36.008                   77.39666955872349
-4.025                    6.928203230275509        36.056                   78.25921135702436
-4.15                     6.928203230275509        35.881                   77.00332583089263
-4.071                    6.928203230275509        35.927                   77.52761114929038
-3.91                     6.928203230275509        36.222                   79.11245533331895
-3.965                    6.928203230275509        36.153                   78.7924841150081
-3.876                    6.928203230275509        36.14                    78.78944724545293
-4.195                    6.928203230275509        35.993                   77.25858800175446
-3.895                    6.928203230275509        36.266                   79.305522412534
-3.852                    6.928203230275509        36.209                   79.09376792387567
-3.863                    6.928203230275509        36.02100000000001        78.29567884349659
-3.9430000000000005       6.928203230275509        36.21800000000001        79.07572715265664
-3.9700000000000006       6.928203230275509        36.063                   78.41508930893859
-3.879                    6.928203230275509        36.2                     79.03938737445802
-3.817                    6.928203230275509        36.029                   78.35422185360453
-3.856                    6.928203230275509        35.907                   77.81709895395349
-4.002                    6.928203230275509        36.073                   78.43158204991788
-4.065000000000001        6.928203230275509        36.12700000000001        78.37259839203487
-4.168                    6.928203230275509        36.063                   77.65570050345738
-4.195                    6.928203230275509        36.008                   77.31820456404725
-3.816                    6.928203230275509        36.26                    79.33128760280212
-4.185                    6.928203230275509        36.066                   77.59260618484792
-3.903                    6.928203230275509        35.983000000000004       78.11483082316383
-3.862                    6.928203230275509        36.254000000000005       79.27635547628547
-3.995                    6.928203230275509        35.892                   77.6893904319312
-3.8220000000000005       6.928203230275509        36.258                   79.31895253199659
-3.9880000000000004       6.928203230275509        35.979                   78.05577607670966
-3.979                    6.928203230275509        36.278                   79.30260581797204
-4.094                    6.928203230275509        36.109                   78.1694751653242
-4.185                    6.928203230275509        36.125                   77.82697736949815
-4.019                    6.928203230275509        36.04                    78.21955441070048
-3.954                    6.928203230275509        36.161                   78.83206268158767
-3.95                     6.928203230275509        36.096                   78.56345079989957
-4.007000000000001        6.928203230275509        35.981                   78.02739698315719
-3.993                    6.928203230275509        36.163000000000004       78.81808155911176
-3.9389999999999996       6.928203230275509        36.256                   79.23620196253866
-3.865                    6.928203230275509        36.121                   78.71595772281736
-4.141                    6.928203230275509        36.242                   78.49229685809516
-4.156                    6.928203230275509        36.278                   78.56675390478357
-3.9510000000000005       6.928203230275509        36.247                   79.19139750063037
-3.879                    6.928203230275509        35.92                    77.86106558627806
-4.053                    6.928203230275509        35.937                   77.64612907474871
-3.853                    6.928203230275509        36.014                   78.2714164987217
-4.114                    6.928203230275509        36.058                   77.87401203742218
-4.05                     6.928203230275509        36.01                    77.95959455192816
-4.164000000000001        6.928203230275509        36.11000000000001        77.86106007246529
-4.071                    6.928203230275509        36.106                   78.26000765137805
-3.9459999999999997       6.928203230275509        36.105                   78.60320097002955
-4.0920000000000005       6.928203230275509        36.092                   78.10937054802287
-3.819                    6.928203230275509        36.112                   78.70464268688659
-3.941                    6.928203230275509        35.96                    77.99933254288221
-3.832                    6.928203230275509        36.044                   78.40959189014876
-4.075                    6.928203230275509        36.213                   78.6776551631096
-4.006                    6.928203230275509        35.98500000000001        78.04838394673747
-4.011                    6.928203230275509        36.082                   78.4288749223158
-3.96                     6.928203230275509        35.98                    78.07372869740277
-4.064                    6.928203230275509        35.915                   77.5083572335664
-4.125                    6.928203230275509        36.246                   78.58178802296656
-3.9110000000000005       6.928203230275509        36.111                   78.64778891955554
-4.105                    6.928203230275509        36.087                   78.0312679250469
-3.885                    6.928203230275509        36.058                   78.43974657967104
-3.89                     6.928203230275509        36.204                   79.04943547658142
-3.968                    6.928203230275509        36.016                   78.22011375963679
-4.191000000000001        6.928203230275509        35.935                   77.04496409236953
-3.894                    6.928203230275509        36.056                   78.42645908935641
-3.818                    6.928203230275509        36.198                   79.06858633442631
-4.033                    6.928203230275509        36.099                   78.40101027943109
-3.9110000000000005       6.928203230275509        36.256                   79.25368316232819
-4.105                    6.928203230275509        36.214                   78.54466486195098
-4.03                     6.928203230275509        36.069                   78.2907220824006
-4.017                    6.928203230275509        36.058                   78.30288526055229
-3.8220000000000005       6.928203230275509        35.935                   77.95253011684562
-3.8600000000000003       6.928203230275509        36.099                   78.62620291745547
-3.815                    6.928203230275509        36.262                   79.34036793861479
-3.9690000000000003       6.928203230275509        35.919                   77.81420975900072
-4.064                    6.928203230275509        35.912                   77.49602436448146
-3.9760000000000004       6.928203230275509        36.186                   78.92323365461908
-3.9769999999999994       6.928203230275509        36.233                   79.11752298484906
-4.181                    6.928203230275509        36.082                   77.67392895410768
-4.126                    6.928203230275509        36.11000000000001        78.03061631126724
-4.032                    6.928203230275509        36.017                   78.06730596035811
-3.93                     6.928203230275509        36.071                   78.46988588265216
-3.904                    6.928203230275509        36.095                   78.58466472459293
-4.049                    6.928203230275509        35.903                   77.52312020873634
-3.857                    6.928203230275509        35.973                   78.0960095619736
-3.881                    6.928203230275509        36.058                   78.44192229035474
-3.865                    6.928203230275509        35.889                   77.73657152333362
-3.9980000000000007       6.928203230275509        36.233                   79.10494394982751
-3.824                    6.928203230275509        35.958                   78.04923588435909
-3.838                    6.928203230275509        36.137                   78.7991059153442
-3.953                    6.928203230275509        36.208                   79.02814588014496
-3.9389999999999996       6.928203230275509        36.073                   78.47338848290919
-3.94                     6.928203230275509        36.234                   79.14410374682363
-3.942                    6.928203230275509        36.189                   78.95562457627955
-4.161                    6.928203230275509        36.256                   78.4562079984702
-4.018                    6.928203230275509        35.988                   78.00853466106592
-4.188                    6.928203230275509        36.013                   77.36861379843961
-4.093                    6.928203230275509        35.914                   77.38008417186981
-3.864                    6.928203230275509        36.069                   78.49756665093035
-4.121                    6.928203230275509        35.987                   77.55606519638407
-4.119000000000001        6.928203230275509        36.134                   78.15864994642145
-3.892                    6.928203230275509        36.228                   79.1486146549587
-3.856                    6.928203230275509        36.122                   78.72536728258723
-3.9900000000000007       6.928203230275509        35.993                   78.11314912999869
-3.863                    6.928203230275509        35.922                   77.87725272177946
-3.9659999999999997       6.928203230275509        36.242                   79.161482227932
-3.914                    6.928203230275509        36.23                    79.1433826709058
-3.9659999999999997       6.928203230275509        35.961                   77.9913385151218
-4.175                    6.928203230275509        36.101                   77.7761832403057
-4.101000000000001        6.928203230275509        36.094                   78.07742330169889
-4.042                    6.928203230275509        36.27                    79.06174364668917
-3.965                    6.928203230275509        35.916                   77.80351546839022
-3.9560000000000004       6.928203230275509        36.169                   78.86419883379212
-4.018                    6.928203230275509        36.05500000000001        78.28604535732127
-4.18                     6.928203230275509        35.939                   77.10813106722792
-4.056                    6.928203230275509        35.972                   77.77718686025617
-4.145                    6.928203230275509        35.929                   77.21817425718723
-3.8870000000000005       6.928203230275509        36.083                   78.54374334759987
-3.9                      6.928203230275509        35.897                   77.75399594384822
-4.1370000000000005       6.928203230275509        35.926                   77.24036591850079
-3.94                     6.928203230275509        36.152                   78.80261952776463
-4.063                    6.928203230275509        36.016                   77.92730123979842
-3.9230000000000005       6.928203230275509        36.009                   78.21384617498582
-3.819                    6.928203230275509        36.109                   78.6919523408961
-3.879                    6.928203230275509        36.256                   79.27389812861895
-3.908                    6.928203230275509        35.899                   77.75869073216411
-3.941                    6.928203230275509        36.212                   79.05196595166363
-4.013                    6.928203230275509        35.98                    77.99712291350099
-4.187                    6.928203230275509        35.954                   77.13790965109334
-4.039                    6.928203230275509        36.215                   78.85042161722644
-4.109                    6.928203230275509        35.92                    77.33602606120492
-3.885                    6.928203230275509        35.942                   77.95105045559684
