% Model:              Untitled.mph
% Version:            COMSOL 6.1.0.357
% Date:               Jan 20 2025, 18:48
% Dimension:          3
% Nodes:              142
% Expressions:        1
% Description:        Potenziale elettrico
% Length unit:        mm
% x                       y                        z                        V (V)
-4.163                    6.928203230275509        35.098                   49.115239975812216
-3.8780000000000006       6.928203230275509        34.827                   49.86351821507118
-4.064                    6.928203230275509        35.005                   49.37160996809436
-4.037                    6.928203230275509        35.126                   49.18178746020204
-3.902                    6.928203230275509        35.042                   49.45492226720335
-3.85                     6.928203230275509        35.05100000000001        49.48600783443543
-4.04                     6.928203230275509        35.194                   49.05872748165044
-4.118                    6.928203230275509        35.066                   49.21319440236643
-4.047                    6.928203230275509        35.061                   49.28788603374812
-4.164000000000001        6.928203230275509        34.967                   49.34542099139332
-3.9810000000000003       6.928203230275509        35.128                   49.22964489353288
-4.027                    6.928203230275509        34.977                   49.45621944331148
-3.815                    6.928203230275509        35.123000000000005       49.3888523314454
-3.9510000000000005       6.928203230275509        35.072                   49.35671687941765
-4.179                    6.928203230275509        35.084                   49.12511790020883
-4.182                    6.928203230275509        34.891                   49.46312871612415
-4.075                    6.928203230275509        34.888                   49.569919793604996
-4.193                    6.928203230275509        34.833                   49.555670903317264
-4.066                    6.928203230275509        35.119                   49.167486838601086
-3.884                    6.928203230275509        35.18                    49.22514023468476
-3.9909999999999997       6.928203230275509        34.831                   49.75216897589606
-3.818                    6.928203230275509        34.848                   49.880482056622505
-4.033                    6.928203230275509        34.845                   49.687029293629166
-3.823                    6.928203230275509        35.168                   49.30138895658349
-4.113                    6.928203230275509        35.088                   49.178953301930285
-4.09                     6.928203230275509        35.007                   49.34375191498817
-4.101000000000001        6.928203230275509        34.866                   49.584513320117225
-3.83                     6.928203230275509        34.968                   49.65308410518451
-4.021                    6.928203230275509        34.905                   49.59075725735019
-4.101000000000001        6.928203230275509        34.869                   49.57915443072747
-4.107                    6.928203230275509        34.9                     49.518139296189226
-4.144                    6.928203230275509        35.035                   49.24385189970972
-3.8310000000000004       6.928203230275509        34.966                   49.655772741749864
-3.8980000000000006       6.928203230275509        35.144                   49.27653871434152
-3.803                    6.928203230275509        35.05100000000001        49.52849748800579
-3.9630000000000005       6.928203230275509        34.929                   49.60166639619923
-3.9240000000000004       6.928203230275509        34.888                   49.71121253177938
-4.095                    6.928203230275509        34.885                   49.55628425132137
-3.805                    6.928203230275509        34.941                   49.72439642779047
-3.9890000000000003       6.928203230275509        35.2                     49.09459748717661
-4.115                    6.928203230275509        35.116                   49.12770214985402
-3.853                    6.928203230275509        34.878                   49.794283116890306
-4.004                    6.928203230275509        35.216                   49.05263229406554
-4.054                    6.928203230275509        35.158                   49.109539515151546
-4.191000000000001        6.928203230275509        35.208                   48.8969379009096
-3.9900000000000007       6.928203230275509        34.83500000000001        49.74588355238207
-3.808                    6.928203230275509        35.022                   49.57600130106075
-3.945                    6.928203230275509        34.961                   49.56075397039416
-4.068                    6.928203230275509        34.852                   49.64102067840007
-4.103                    6.928203230275509        34.843                   49.62371400006147
-4.079                    6.928203230275509        35.077                   49.229836616751136
-3.832                    6.928203230275509        35.072                   49.46469956159871
-3.806                    6.928203230275509        34.96000000000001        49.68926638952682
-4.033                    6.928203230275509        34.834                   49.706800588656165
-3.832                    6.928203230275509        34.885                   49.80082621410627
-3.872                    6.928203230275509        35.192                   49.214622633142774
-4.067                    6.928203230275509        35.115                   49.173643526202156
-4.034000000000001        6.928203230275509        35.054                   49.312410225599564
-4.099                    6.928203230275509        35.028                   49.29809678850375
-3.893                    6.928203230275509        35.107                   49.34699325421819
-4.086                    6.928203230275509        34.863                   49.604161104014544
-3.872                    6.928203230275509        34.876                   49.780512279751996
-3.974                    6.928203230275509        34.857                   49.721023573608306
-3.854                    6.928203230275509        34.922                   49.71403215238017
-4.004                    6.928203230275509        34.842                   49.72018551959472
-4.036                    6.928203230275509        35.192                   49.06590828496154
-3.81                     6.928203230275509        35.038                   49.54548613735297
-4.044                    6.928203230275509        34.838                   49.68907899482581
-3.9090000000000003       6.928203230275509        34.965                   49.58651185043191
-3.9459999999999997       6.928203230275509        35.042                   49.41483609088992
-4.066                    6.928203230275509        35.023                   49.33773104921589
-3.954                    6.928203230275509        35.223                   49.08560872671803
-3.8980000000000006       6.928203230275509        35.22                    49.141493470327035
-3.895                    6.928203230275509        35.202                   49.17613820140478
-4.129                    6.928203230275509        35.156                   49.0444409427433
-3.93                     6.928203230275509        35.076                   49.368706348579536
-4.194                    6.928203230275509        35.082                   49.11480706073726
-3.9380000000000006       6.928203230275509        34.968                   49.554609878104344
-3.907                    6.928203230275509        34.92600000000001        49.65841057966339
-3.8220000000000005       6.928203230275509        35.203                   49.239977724667504
-3.87                     6.928203230275509        34.96200000000001        49.62748122715354
-3.973                    6.928203230275509        34.843                   49.74717286138656
-4.101000000000001        6.928203230275509        35.109                   49.15293613068306
-4.13                     6.928203230275509        34.849                   49.58723806864159
-4.188                    6.928203230275509        34.985                   49.291151836266955
-3.873                    6.928203230275509        35.02                    49.52067121572424
-3.867                    6.928203230275509        35.109                   49.36695202819006
-4.079                    6.928203230275509        35.031                   49.311402311002006
-3.9580000000000006       6.928203230275509        35.146                   49.21858277881746
-4.179                    6.928203230275509        34.847                   49.54412031085314
-4.043                    6.928203230275509        34.918                   49.54661063963037
-3.884                    6.928203230275509        35.118                   49.33552437784928
-3.8600000000000003       6.928203230275509        34.919                   49.713961885686636
-4.043                    6.928203230275509        35.006                   49.38947445922091
-4.109                    6.928203230275509        35.035                   49.27638676149252
-4.041                    6.928203230275509        35.029                   49.350379514446544
-4.162                    6.928203230275509        34.929                   49.41461663451435
-3.884                    6.928203230275509        35.044                   49.467703396259736
-4.042                    6.928203230275509        34.98                    49.43677121566644
-3.897                    6.928203230275509        34.868                   49.7720364028107
-4.176                    6.928203230275509        35.031                   49.22118771644677
-3.859                    6.928203230275509        34.929                   49.69686626435405
-4.101000000000001        6.928203230275509        35.05100000000001        49.25548767705076
-3.9510000000000005       6.928203230275509        35.146                   49.22494288891469
-3.889                    6.928203230275509        34.964                   49.60656567200154
-4.044                    6.928203230275509        35.094                   49.23207585962131
-3.927                    6.928203230275509        34.937                   49.620325946499655
-4.122                    6.928203230275509        34.987                   49.349322610635724
-4.036                    6.928203230275509        34.96000000000001        49.47812319974946
-3.832                    6.928203230275509        35.069                   49.47006837111611
-3.864                    6.928203230275509        35.137                   49.31972372999899
-4.188                    6.928203230275509        35.19500000000001        48.92236064256349
-3.848                    6.928203230275509        35.017                   49.54874491089455
-4.162                    6.928203230275509        35.139                   49.044121911484595
-3.9050000000000002       6.928203230275509        35.088                   49.37001038615963
-3.9690000000000003       6.928203230275509        35.055                   49.3706205218234
-3.903                    6.928203230275509        35.006                   49.51845942044009
-3.825                    6.928203230275509        34.922                   49.74045615201983
-4.154                    6.928203230275509        34.982                   49.328238450479574
-3.9369999999999994       6.928203230275509        34.943000000000005       49.600387286881016
-3.8490000000000006       6.928203230275509        35.043                   49.5012396361762
-4.115                    6.928203230275509        34.935                   49.44825286029191
-3.844                    6.928203230275509        35.014                   49.55775388482019
-4.104                    6.928203230275509        35.158                   49.0637782440592
-4.091                    6.928203230275509        34.832                   49.6548655108889
-4.148                    6.928203230275509        34.882                   49.51132925831586
-3.814                    6.928203230275509        35.222                   49.21335664289319
-4.125                    6.928203230275509        34.943000000000005       49.4246104432975
-4.15                     6.928203230275509        35.166                   49.007703692485855
-3.91                     6.928203230275509        35.145                   49.263900251336025
-4.178                    6.928203230275509        34.92600000000001        49.40486126921063
-3.9630000000000005       6.928203230275509        34.891                   49.66996030377731
-4.169                    6.928203230275509        35.046                   49.20124400927219
-3.885                    6.928203230275509        35.119                   49.33283670303972
-4.12                     6.928203230275509        35.12                    49.116054983410955
-4.071                    6.928203230275509        35.068000000000005       49.25319574484106
-4.084                    6.928203230275509        35.113                   49.16152422481427
-4.073                    6.928203230275509        35.186                   49.04275393813129
-4.166                    6.928203230275509        34.982                   49.31701421179714
-3.87                     6.928203230275509        34.851                   49.82747945138412
-3.803                    6.928203230275509        34.826                   49.934020904716064
-4.038                    6.928203230275509        34.848                   49.67685813661927
