% Model:              Untitled.mph
% Version:            COMSOL 6.1.0.357
% Date:               Jan 20 2025, 18:48
% Dimension:          3
% Nodes:              200
% Expressions:        1
% Description:        Potenziale elettrico
% Length unit:        mm
% x                       y                        z                        V (V)
4.204                     6.928203230275509        17.664                   41.53357657474436
4.017                     6.928203230275509        17.963                   41.89716186264798
3.863                     6.928203230275509        17.841                   41.82925215248909
4.129                     6.928203230275509        17.589000000000002       41.462824786387024
3.826                     6.928203230275509        17.738                   41.73155336110945
3.8580000000000005        6.928203230275509        17.578                   41.53972643103336
4.03                      6.928203230275509        17.666                   41.56260302329338
4.077                     6.928203230275509        18.022                   41.95489698016062
4.221                     6.928203230275509        18.004                   41.91121438232753
3.87                      6.928203230275509        17.598                   41.55598769034084
4.015                     6.928203230275509        17.817                   41.73289518858721
4.099                     6.928203230275509        17.72                    41.611943154043026
3.9430000000000005        6.928203230275509        17.803000000000004       41.747940037990105
3.827                     6.928203230275509        17.963                   41.98384400063634
4.219                     6.928203230275509        17.953                   41.85378354573179
4.127                     6.928203230275509        17.619                   41.49607309024049
4.197                     6.928203230275509        17.799                   41.684429000104345
4.114                     6.928203230275509        17.617                   41.49587083105355
4.162                     6.928203230275509        17.945                   41.85400524590694
3.967                     6.928203230275509        17.989                   41.94582598978784
4.063                     6.928203230275509        17.62                    41.50691563533577
4.138                     6.928203230275509        17.651                   41.52960325733718
3.992                     6.928203230275509        17.859                   41.786287208147996
3.98                      6.928203230275509        17.958                   41.90412154460625
3.767                     6.928203230275509        17.824                   41.85469772575626
4.204                     6.928203230275509        17.871                   41.76387345491562
3.875                     6.928203230275509        17.864                   41.849382853454536
3.941                     6.928203230275509        17.896                   41.853406928877206
4.219                     6.928203230275509        17.903                   41.79739766196454
4.0920000000000005        6.928203230275509        17.694                   41.58419970576136
3.802                     6.928203230275509        17.717                   41.71933607351484
3.873                     6.928203230275509        17.902                   41.89314598484769
4.147                     6.928203230275509        17.941                   41.851891430740324
4.237                     6.928203230275509        17.63                    41.49088836396741
4.101000000000001         6.928203230275509        17.814                   41.7163589154464
4.058                     6.928203230275509        17.953                   41.87950103862774
4.196                     6.928203230275509        18.012                   41.92440888206387
3.785                     6.928203230275509        18.025                   42.074079273908936
4.036                     6.928203230275509        17.684                   41.58161820335318
3.8490000000000006        6.928203230275509        17.585                   41.55166489295185
4.198                     6.928203230275509        17.837                   41.72673281786007
3.9260000000000006        6.928203230275509        17.631                   41.56525544875542
4.235                     6.928203230275509        17.743                   41.61599380845719
4.071                     6.928203230275509        17.777                   41.67966151071007
4.173000000000001         6.928203230275509        17.877                   41.77561010430157
4.236                     6.928203230275509        18.048                   41.958754767387134
4.186                     6.928203230275509        18.008                   41.92149957298705
4.116                     6.928203230275509        17.91                    41.82182464308525
3.8490000000000006        6.928203230275509        18.022                   42.04061616360548
3.997                     6.928203230275509        17.607000000000003       41.5034396827447
4.1                       6.928203230275509        17.648                   41.532147532297486
4.159                     6.928203230275509        17.666                   41.542876726976516
3.9180000000000006        6.928203230275509        17.691                   41.63548484544475
3.848                     6.928203230275509        18.027                   42.046787698472116
4.062                     6.928203230275509        17.798                   41.70448911567358
3.915                     6.928203230275509        17.622                   41.5607108789522
3.952                     6.928203230275509        17.577                   41.49304522859089
4.077                     6.928203230275509        17.814                   41.72007642540245
4.101000000000001         6.928203230275509        17.628                   41.50996050153241
3.9389999999999996        6.928203230275509        17.596                   41.52034029747839
3.8780000000000006        6.928203230275509        17.623                   41.57967702369947
4.083000000000001         6.928203230275509        17.653                   41.540255509615385
4.013                     6.928203230275509        17.771                   41.68176750650376
3.9760000000000004        6.928203230275509        17.722                   41.64119455888326
3.781                     6.928203230275509        17.989                   42.03462784964973
4.051                     6.928203230275509        17.915                   41.83761368410191
4.136                     6.928203230275509        17.607000000000003       41.4815000390301
4.097                     6.928203230275509        17.694                   41.583432970618595
3.9169999999999994        6.928203230275509        17.873                   41.83925243427261
4.099                     6.928203230275509        18.005                   41.93207784963632
3.9859999999999998        6.928203230275509        17.732000000000003       41.64728384832445
3.9510000000000005        6.928203230275509        17.611                   41.53090520279105
4.239                     6.928203230275509        18.026                   41.933221805577766
4.114                     6.928203230275509        18.031                   41.9592832529455
3.9290000000000003        6.928203230275509        18.023                   42.0033199789348
4.046                     6.928203230275509        17.999                   41.93357083565574
4.037                     6.928203230275509        17.918                   41.84315800630472
3.9160000000000004        6.928203230275509        17.718                   41.66641597352124
4.002                     6.928203230275509        17.605                   41.4994828225122
4.088                     6.928203230275509        17.711                   41.603649706420185
3.894                     6.928203230275509        17.702                   41.65931913999992
4.117                     6.928203230275509        17.871                   41.77776487808656
4.227                     6.928203230275509        17.79                    41.669554702237335
3.908                     6.928203230275509        18.021                   42.01127422642899
4.225                     6.928203230275509        17.637                   41.500501649122626
3.832                     6.928203230275509        17.764                   41.75771090675216
3.93                      6.928203230275509        17.925                   41.891563431085906
4.018                     6.928203230275509        17.747                   41.654266045929965
3.8490000000000006        6.928203230275509        17.637                   41.60888588402276
3.93                      6.928203230275509        18.026                   42.00625070658439
4.22                      6.928203230275509        17.985                   41.889831776073294
3.843                     6.928203230275509        17.612                   41.5841696521115
3.76                      6.928203230275509        17.587                   41.5949405989007
4.095                     6.928203230275509        17.875000000000004       41.785709672628364
3.9569999999999994        6.928203230275509        17.627                   41.545547575621015
4.111                     6.928203230275509        17.672                   41.55694977359227
4.212                     6.928203230275509        17.589000000000002       41.44988718016674
4.082                     6.928203230275509        18.002                   41.93135127623097
3.855                     6.928203230275509        17.749                   41.730179208550624
3.819                     6.928203230275509        17.603                   41.58549139285135
3.9900000000000007        6.928203230275509        17.817                   41.74015484482501
4.032                     6.928203230275509        17.708                   41.60881779577808
4.178                     6.928203230275509        17.635                   41.505741434569664
4.083000000000001         6.928203230275509        17.732000000000003       41.62772517849209
3.8980000000000006        6.928203230275509        17.895                   41.87325444941714
4.189                     6.928203230275509        17.887                   41.7842736359385
4.055                     6.928203230275509        17.978                   41.90831291324343
3.764                     6.928203230275509        17.959                   42.00823160323191
4.222000000000001         6.928203230275509        17.71                    41.581517206392164
4.117                     6.928203230275509        17.977                   41.89742876387235
4.239                     6.928203230275509        17.887                   41.776131659889025
3.9290000000000003        6.928203230275509        17.657                   41.59248114125042
3.794                     6.928203230275509        17.922                   41.95268727946484
3.875                     6.928203230275509        17.8                     41.777596973081344
3.877                     6.928203230275509        18.046                   42.05471795676393
4.175                     6.928203230275509        17.758                   41.64227204787208
3.816                     6.928203230275509        17.958                   41.98328913295693
3.806                     6.928203230275509        17.952                   41.98111483711413
4.042                     6.928203230275509        18.021                   41.95923493372979
3.864                     6.928203230275509        17.604                   41.56544013170624
4.065000000000001         6.928203230275509        17.766                   41.66831484083389
4.204                     6.928203230275509        17.713000000000005       41.587719792312335
4.124                     6.928203230275509        18.025                   41.950851859450516
4.187                     6.928203230275509        17.992                   41.90317444848634
3.894                     6.928203230275509        17.68                    41.63493984202648
3.836                     6.928203230275509        17.594                   41.567663307460585
4.209                     6.928203230275509        17.816                   41.7014756237288
4.211                     6.928203230275509        17.944                   41.844926552703626
3.962                     6.928203230275509        17.949                   41.902919529679146
4.098                     6.928203230275509        17.988                   41.91292156726561
3.848                     6.928203230275509        17.564                   41.52910167937683
3.823                     6.928203230275509        17.591                   41.57044190374174
3.8960000000000004        6.928203230275509        17.814                   41.78318787742938
3.9659999999999997        6.928203230275509        18.034                   41.9975815858354
4.121                     6.928203230275509        17.69                    41.57530737544156
3.767                     6.928203230275509        17.567                   41.569833868002426
4.145                     6.928203230275509        17.854                   41.75425543051252
3.7860000000000005        6.928203230275509        17.591                   41.5875189550359
4.094                     6.928203230275509        17.755                   41.651610045077895
4.114                     6.928203230275509        17.92                    41.83342109540786
4.17                      6.928203230275509        17.729                   41.61085277624309
3.9780000000000006        6.928203230275509        18.051                   42.01099572594501
3.925                     6.928203230275509        17.696000000000005       41.63760671024821
3.9490000000000003        6.928203230275509        17.64                    41.56385319310945
3.8420000000000005        6.928203230275509        17.58                    41.549473348554464
4.113                     6.928203230275509        17.973                   41.893528612828646
4.098                     6.928203230275509        17.711                   41.60211443404612
3.834                     6.928203230275509        17.728                   41.71669489222292
3.9459999999999997        6.928203230275509        17.956                   41.91878722730273
4.002                     6.928203230275509        17.883                   41.80900848407058
4.135                     6.928203230275509        17.706                   41.590846831164825
3.834                     6.928203230275509        17.93                    41.94319942625927
4.195                     6.928203230275509        17.626                   41.493168851497884
3.819                     6.928203230275509        17.638                   41.624036069795665
3.884                     6.928203230275509        18.05                    42.05593864350856
4.053                     6.928203230275509        17.749                   41.6512086417356
3.856                     6.928203230275509        17.681                   41.65419920888687
3.906                     6.928203230275509        17.652                   41.59817565056142
3.855                     6.928203230275509        17.971                   41.97977674896731
3.797                     6.928203230275509        18.009                   42.05014127101484
4.08                      6.928203230275509        17.587                   41.4680917792605
3.763                     6.928203230275509        18.01                    42.066962461581866
3.9780000000000006        6.928203230275509        17.758                   41.680259034655286
3.873                     6.928203230275509        17.996                   41.99963687798885
3.888                     6.928203230275509        18.012                   42.010670431156385
3.985                     6.928203230275509        17.857000000000003       41.78756918562187
4.12                      6.928203230275509        17.597                   41.47298180044849
3.883                     6.928203230275509        17.834                   41.811857172402185
3.9389999999999996        6.928203230275509        17.846                   41.79811704249056
4.102                     6.928203230275509        17.754                   41.649261358100716
4.021                     6.928203230275509        17.814                   41.7286287812539
3.932                     6.928203230275509        17.778                   41.725410424054424
4.071                     6.928203230275509        17.982                   41.91035672738887
4.2                       6.928203230275509        17.571000000000005       41.43207792550666
4.221                     6.928203230275509        17.778                   41.65715965359131
4.07                      6.928203230275509        17.677                   41.568742601096304
3.855                     6.928203230275509        18.035                   42.05264052136346
4.099                     6.928203230275509        17.968                   41.89007618706042
3.9310000000000005        6.928203230275509        17.866                   41.82453047157146
4.169                     6.928203230275509        17.683                   41.560080378596524
4.238                     6.928203230275509        17.859                   41.744875729276245
4.156                     6.928203230275509        17.785000000000004       41.67534696185764
4.012                     6.928203230275509        17.649                   41.54649947202423
4.106                     6.928203230275509        17.82                    41.722293317629656
4.133                     6.928203230275509        17.651                   41.5303778523097
3.928                     6.928203230275509        17.579                   41.50707780540699
3.843                     6.928203230275509        17.751                   41.738065277670884
3.77                      6.928203230275509        17.677                   41.68962397976659
4.222000000000001         6.928203230275509        17.833                   41.718373411608894
3.922                     6.928203230275509        17.98                    41.957808939837925
4.064                     6.928203230275509        17.937                   41.86046016725048
4.172                     6.928203230275509        18.019000000000002       41.93628175471007
4.118                     6.928203230275509        17.648                   41.52938582324684
4.101000000000001         6.928203230275509        17.665                   41.55075370578884
4.007000000000001         6.928203230275509        18.037000000000003       41.98289603986989
4.215                     6.928203230275509        17.79                    41.67149544663407
3.799                     6.928203230275509        17.605                   41.596941754217234
4.136                     6.928203230275509        17.853                   41.75455844794982
4.04                      6.928203230275509        17.969                   41.900426829846154
3.979                     6.928203230275509        17.875000000000004       41.81083786975934
