% Model:              Untitled.mph
% Version:            COMSOL 6.1.0.357
% Date:               Jan 20 2025, 18:48
% Dimension:          3
% Nodes:              142
% Expressions:        1
% Description:        Potenziale elettrico
% Length unit:        mm
% x                       y                        z                        V (V)
-4.082                    6.928203230275509        39.329                   65.41413556835778
-4.149                    6.928203230275509        39.28300000000001        65.23666442748937
-3.947                    6.928203230275509        39.101                   66.07958158241532
-4.042                    6.928203230275509        39.409                   65.45094480768107
-4.152                    6.928203230275509        39.182                   65.35306928404108
-3.968                    6.928203230275509        39.322                   65.76301589390728
-3.818                    6.928203230275509        39.289                   66.02089729058642
-4.173000000000001        6.928203230275509        39.134                   65.33799445571606
-4.097                    6.928203230275509        39.36                    65.32017367253303
-3.955                    6.928203230275509        39.411                   65.66044675241943
-4.075                    6.928203230275509        39.245                   65.54807109795084
-3.864                    6.928203230275509        39.35                    65.87094786268847
-3.885                    6.928203230275509        39.159                   66.09424788644797
-4.118                    6.928203230275509        39.118                   65.55307609450395
-3.9760000000000004       6.928203230275509        39.123                   66.01108202632614
-4.126                    6.928203230275509        39.246                   65.36474357032586
-4.14                     6.928203230275509        39.144                   65.44253255005924
-3.808                    6.928203230275509        39.313                   66.00328479885404
-3.828                    6.928203230275509        39.26800000000001        66.03429840088238
-3.805                    6.928203230275509        39.125                   66.25743275469291
-4.195                    6.928203230275509        39.383                   64.9488463206383
-3.91                     6.928203230275509        39.371                   65.77706478755361
-3.941                    6.928203230275509        39.09                    66.10199285852588
-3.9909999999999997       6.928203230275509        39.263                   65.80988167332761
-3.8040000000000003       6.928203230275509        39.443                   65.82974159434403
-3.854                    6.928203230275509        39.227                   66.05054751906806
-3.903                    6.928203230275509        39.265                   65.92940264125743
-4.042                    6.928203230275509        39.433                   65.41852128078781
-4.104                    6.928203230275509        39.157                   65.55508423172894
-3.9180000000000006       6.928203230275509        39.388                   65.74272946134826
-4.141                    6.928203230275509        39.415                   65.09335686685691
-4.059                    6.928203230275509        39.24                    65.61221220745489
-3.952                    6.928203230275509        39.367                   65.72437266444342
-4.154                    6.928203230275509        39.085                   65.46466115865101
-4.067                    6.928203230275509        39.371                   65.41229733003678
-4.174                    6.928203230275509        39.423                   64.96875893053641
-4.016000000000001        6.928203230275509        39.118                   65.92471834030113
-4.089                    6.928203230275509        39.412000000000006       65.27959292616394
-4.1                      6.928203230275509        39.151                   65.57693313931291
-3.882                    6.928203230275509        39.136                   66.1283188212827
-3.9290000000000003       6.928203230275509        39.258                   65.90193458179434
-4.152                    6.928203230275509        39.186                   65.34810717428901
-4.139                    6.928203230275509        39.243                   65.32259142014428
-3.826                    6.928203230275509        39.155                   66.18665175246673
-3.8960000000000004       6.928203230275509        39.299                   65.89403197832802
-3.948                    6.928203230275509        39.173                   65.9861990799709
-4.012                    6.928203230275509        39.115                   65.94330227274222
-3.945                    6.928203230275509        39.414                   65.66996342558278
-4.013                    6.928203230275509        39.324                   65.66942979406444
-4.022                    6.928203230275509        39.329                   65.63005953015164
-3.968                    6.928203230275509        39.383                   65.68093839880046
-3.921                    6.928203230275509        39.112                   66.10263137286103
-4.179                    6.928203230275509        39.082                   65.37967298653072
-3.899                    6.928203230275509        39.1                     66.1496520508861
-4.066                    6.928203230275509        39.171                   65.67473180601985
-4.188                    6.928203230275509        39.126                   65.29498532271191
-4.114                    6.928203230275509        39.443                   65.1502896558863
-4.011                    6.928203230275509        39.28300000000001        65.73088214044371
-4.123                    6.928203230275509        39.314                   65.28828218083801
-4.128000000000001        6.928203230275509        39.12400000000001        65.509897571724
-3.836                    6.928203230275509        39.372                   65.88142137173531
-4.057                    6.928203230275509        39.266000000000005       65.58588293324007
-4.024                    6.928203230275509        39.324                   65.6294229032551
-4.084                    6.928203230275509        39.073                   65.73107739411797
-3.819                    6.928203230275509        39.148                   66.20631008185816
-4.13                     6.928203230275509        39.287                   65.29834292049551
-4.053                    6.928203230275509        39.29                    65.56912794971036
-4.157                    6.928203230275509        39.164                   65.35766429167965
-4.151                    6.928203230275509        39.28                    65.23347534410888
-4.093                    6.928203230275509        39.234                   65.49752437922668
-3.817                    6.928203230275509        39.211000000000006       66.1266137171154
-4.008                    6.928203230275509        39.137                   65.93034133568779
-4.015                    6.928203230275509        39.318                   65.67010018463867
-4.005                    6.928203230275509        39.072                   66.02315391659212
-4.018                    6.928203230275509        39.245                   65.75493531394159
-4.166                    6.928203230275509        39.06900000000001        65.44126992723194
-4.196                    6.928203230275509        39.375                   64.95576015821318
-3.999                    6.928203230275509        39.172                   65.91700620826616
-3.914                    6.928203230275509        39.181                   66.02395105592477
-4.049                    6.928203230275509        39.366                   65.4833939470421
-4.047                    6.928203230275509        39.175                   65.73881687649582
-3.908                    6.928203230275509        39.362                   65.79210392458741
-3.9839999999999995       6.928203230275509        39.223                   65.87164887565751
-3.972                    6.928203230275509        39.176                   65.94892279233665
-4.097                    6.928203230275509        39.355000000000004       65.3267434957548
-3.968                    6.928203230275509        39.225                   65.89099472478159
-3.853                    6.928203230275509        39.208                   66.07708585273704
-3.864                    6.928203230275509        39.296                   65.9439874190205
-4.09                     6.928203230275509        39.293                   65.43246620853009
-3.883                    6.928203230275509        39.258                   65.9673143610389
-4.08                     6.928203230275509        39.251                   65.52239976360087
-4.026                    6.928203230275509        39.077                   65.93896441210357
-4.151                    6.928203230275509        39.186                   65.35163788045145
-4.174                    6.928203230275509        39.155                   65.30883067447796
-3.9459999999999997       6.928203230275509        39.345                   65.76229765932709
-4.035                    6.928203230275509        39.305                   65.61458592585069
-3.892                    6.928203230275509        39.079                   66.18652408687157
-3.8330000000000006       6.928203230275509        39.176                   66.14873833583886
-3.928                    6.928203230275509        39.434                   65.66578121180666
-4.13                     6.928203230275509        39.059                   65.58180831119446
-3.82                     6.928203230275509        39.097                   66.27077416715528
-4.111                    6.928203230275509        39.396                   65.22331735272023
-4.019                    6.928203230275509        39.253                   65.74086977476856
-3.945                    6.928203230275509        39.128                   66.04811146940776
-3.801                    6.928203230275509        39.276                   66.06382145815547
-3.98                     6.928203230275509        39.43                    65.60076649426144
-4.083000000000001        6.928203230275509        39.414                   65.29814352348777
-4.1370000000000005       6.928203230275509        39.144                   65.45320425847876
-3.9090000000000003       6.928203230275509        39.236                   65.9591967363772
-3.8600000000000003       6.928203230275509        39.109                   66.19538526358679
-4.122                    6.928203230275509        39.146                   65.50423904380764
-3.8400000000000003       6.928203230275509        39.217                   66.08440408591919
-3.875                    6.928203230275509        39.228                   66.01858392407969
-4.012                    6.928203230275509        39.397                   65.5752778447106
-4.001                    6.928203230275509        39.279                   65.77277464704075
-3.881                    6.928203230275509        39.297                   65.91814079704339
-4.054                    6.928203230275509        39.410000000000004       65.40664258764036
-4.108                    6.928203230275509        39.230000000000004       65.44900641501012
-3.834                    6.928203230275509        39.244                   66.05747332888659
-4.023                    6.928203230275509        39.10300000000001        65.9176525629985
-3.9119999999999995       6.928203230275509        39.245                   65.94307612280954
-3.807                    6.928203230275509        39.228                   66.11907963032942
-4.071                    6.928203230275509        39.105000000000004       65.7390208552576
-4.02                     6.928203230275509        39.234                   65.76188632692968
-3.871                    6.928203230275509        39.084                   66.21103850774104
-3.888                    6.928203230275509        39.397                   65.77245990060302
-3.818                    6.928203230275509        39.17700000000001        66.16991192511018
-4.084                    6.928203230275509        39.112                   65.68310880005205
-4.197                    6.928203230275509        39.219                   65.14965892734436
-4.052                    6.928203230275509        39.295                   65.56620992480822
-4.02                     6.928203230275509        39.342                   65.62004736992375
-3.9630000000000005       6.928203230275509        39.375                   65.6985536017904
-4.146000000000001        6.928203230275509        39.06900000000001        65.51246375208505
-3.9230000000000005       6.928203230275509        39.331                   65.81302176128047
-3.881                    6.928203230275509        39.341                   65.85880867816326
-3.897                    6.928203230275509        39.217                   66.0013126339002
-3.817                    6.928203230275509        39.147                   66.2106320533699
-4.105                    6.928203230275509        39.24900000000001        65.4355304764581
-4.109                    6.928203230275509        39.339                   65.30523444707758
-3.895                    6.928203230275509        39.409                   65.74610220845103
-4.026                    6.928203230275509        39.09                    65.92279446649673
-3.865                    6.928203230275509        39.286                   65.95595785276019
