% Model:              Untitled.mph
% Version:            COMSOL 6.1.0.357
% Date:               Jan 20 2025, 18:49
% Dimension:          3
% Nodes:              400
% Expressions:        1
% Description:        Potenziale elettrico
% Length unit:        mm
% x                       y                        z                        V (V)
-4.101000000000001        6.928203230275509        9.019                    43.53329188285262
-3.932                    6.928203230275509        9.124                    43.65638097278377
-4.078                    6.928203230275509        9.01                     43.529951352480346
-4.011                    6.928203230275509        8.993                    43.52653053938835
-3.9389999999999996       6.928203230275509        9.092                    43.629995919339606
-4.095                    6.928203230275509        8.979                    43.50613468036492
-3.89                     6.928203230275509        9.11                     43.66818505430567
-3.9760000000000004       6.928203230275509        9.103                    43.61818165503857
-3.9690000000000003       6.928203230275509        9.013                    43.55846739038863
-3.9510000000000005       6.928203230275509        9.022                    43.57432338028914
-4.105                    6.928203230275509        9.016                    43.530675105407276
-4.076                    6.928203230275509        8.98                     43.50926346650636
-4.017                    6.928203230275509        8.99                     43.523686414130054
-3.962                    6.928203230275509        8.971                    43.532833251833885
-3.9580000000000006       6.928203230275509        9.006                    43.559405656351686
-4.025                    6.928203230275509        9.038                    43.55630747897019
-4.091                    6.928203230275509        8.909                    43.45812186149459
-4.056                    6.928203230275509        9.033                    43.54887430311636
-3.9119999999999995       6.928203230275509        8.938000000000002        43.536071037989295
-3.973                    6.928203230275509        8.958                    43.51792940431936
-3.893                    6.928203230275509        8.956000000000001        43.55836565116939
-3.913                    6.928203230275509        8.94                     43.5369422353362
-3.9690000000000003       6.928203230275509        9.126000000000001        43.6382558566964
-4.093                    6.928203230275509        9.098                    43.58992588218414
-3.8870000000000005       6.928203230275509        9.097                    43.660495643646534
-4.103                    6.928203230275509        9.038                    43.546351129886716
-3.9909999999999997       6.928203230275509        9.035                    43.56212454059341
-4.026                    6.928203230275509        9.007                    43.534443510995445
-3.982                    6.928203230275509        8.955                    43.51103192501288
-4.008                    6.928203230275509        9.114                    43.61212501080583
-4.088                    6.928203230275509        9.123                    43.60829115937655
-4.073                    6.928203230275509        8.943                    43.48392895269598
-3.953                    6.928203230275509        8.999                    43.55715074569473
-4.009                    6.928203230275509        8.957                    43.501687150766045
-4.018                    6.928203230275509        9.121                    43.61583497564327
-4.073                    6.928203230275509        9.064                    43.568501560625066
-3.894                    6.928203230275509        8.941                    43.54742377466218
-4.095                    6.928203230275509        8.946                    43.483202890156065
-4.07                     6.928203230275509        9.065                    43.56959105440574
-4.067                    6.928203230275509        9.021                    43.53905781986113
-3.9630000000000005       6.928203230275509        9.098                    43.62156849186962
-4.101000000000001        6.928203230275509        9.047                    43.55293027572122
-3.894                    6.928203230275509        9.076                    43.64203777412042
-3.9780000000000006       6.928203230275509        9.119                    43.62846946954687
-4.115                    6.928203230275509        8.953                    43.48548597053896
-3.907                    6.928203230275509        8.946                    43.544211085460724
-3.927                    6.928203230275509        8.959                    43.54288009940178
-3.922                    6.928203230275509        9.046                    43.606395218834834
-4.079                    6.928203230275509        8.962                    43.496354926822576
-3.985                    6.928203230275509        9.118                    43.62400336721718
-4.093                    6.928203230275509        9.024                    43.53782579353573
-4.038                    6.928203230275509        9.035                    43.55256080918691
-3.9909999999999997       6.928203230275509        8.983                    43.52570582003088
-3.89                     6.928203230275509        9.036000000000001        43.6158785824991
-4.032                    6.928203230275509        9.005                    43.53229032847462
-4.106                    6.928203230275509        8.977                    43.50332637941606
-3.9360000000000004       6.928203230275509        8.927                    43.51595270844354
-3.899                    6.928203230275509        8.921                    43.53098450056627
-4.077                    6.928203230275509        8.965                    43.49869543577187
-4.091                    6.928203230275509        9.012                    43.52968231738949
-4.087                    6.928203230275509        9.009000000000002        43.52809814126602
-4.047                    6.928203230275509        9.049                    43.56126068600127
-4.06                     6.928203230275509        9.128                    43.615456798080686
-4.034000000000001        6.928203230275509        9.124                    43.61593775894056
-3.9110000000000005       6.928203230275509        8.946                    43.542144899036785
-4.115                    6.928203230275509        9.029                    43.53848250868513
-3.9909999999999997       6.928203230275509        8.995                    43.53408788689444
-3.9810000000000003       6.928203230275509        8.929000000000002        43.49351820669869
-4.099                    6.928203230275509        9.085                    43.57995835108317
-4.002                    6.928203230275509        9.029                    43.55286602680323
-3.906                    6.928203230275509        9.066                    43.628792843935486
-3.907                    6.928203230275509        8.993                    43.57697760600947
-4.052                    6.928203230275509        9.037                    43.552191172564164
-4.087                    6.928203230275509        8.908                    43.457941451509264
-4.014                    6.928203230275509        9.077                    43.58516823341926
-3.945                    6.928203230275509        8.917                    43.504305763636395
-3.941                    6.928203230275509        9.003                    43.56627075176469
-3.9169999999999994       6.928203230275509        9.069                    43.625215244602515
-3.9360000000000004       6.928203230275509        8.965                    43.542356041380806
-3.893                    6.928203230275509        9.011                    43.59678493570133
-4.098                    6.928203230275509        8.921                    43.465513877851784
-4                        6.928203230275509        8.97                     43.51185132929509
-3.9980000000000007       6.928203230275509        8.977                    43.51774540980051
-4.104                    6.928203230275509        9.026                    43.53780667600358
-3.9169999999999994       6.928203230275509        8.975                    43.55922978585492
-3.894                    6.928203230275509        8.928                    43.53840196708344
-4.095                    6.928203230275509        9.074                    43.57271401954888
-4.083000000000001        6.928203230275509        8.946                    43.48473654509318
-3.902                    6.928203230275509        8.985                    43.573963867905334
-3.948                    6.928203230275509        8.946                    43.52283642505897
-4.066                    6.928203230275509        9.087                    43.58562997280807
-3.9980000000000007       6.928203230275509        9.017                    43.54571371759622
-4.014                    6.928203230275509        8.995                    43.527553817361714
-3.962                    6.928203230275509        9.006                    43.5572850070402
-4.067                    6.928203230275509        8.936                    43.47983861976009
-4.076                    6.928203230275509        9.052                    43.55966868944524
-4.084                    6.928203230275509        9.017                    43.53408080036504
-3.892                    6.928203230275509        9.028                    43.60922947524715
-3.9160000000000004       6.928203230275509        9.115                    43.65832387907586
-3.888                    6.928203230275509        9.133                    43.68557071164598
-3.889                    6.928203230275509        9.015                    43.6016392404779
-4.039                    6.928203230275509        9.092                    43.592612898979404
-4.108                    6.928203230275509        8.975                    43.50167635755474
-3.9510000000000005       6.928203230275509        8.998                    43.55750716535473
-4.011                    6.928203230275509        8.956000000000001        43.500743462566284
-3.8980000000000006       6.928203230275509        9.048                    43.62022023712475
-4.104                    6.928203230275509        8.906                    43.45439139055721
-3.9810000000000003       6.928203230275509        9.102                    43.61479448809263
-4.094                    6.928203230275509        8.943                    43.481251219093366
-4.01                     6.928203230275509        8.999                    43.53084887890472
-3.9110000000000005       6.928203230275509        9.088                    43.64176381802159
-4.011                    6.928203230275509        9.095                    43.59827628552458
-3.9769999999999994       6.928203230275509        9.071                    43.59500111089622
-3.999                    6.928203230275509        8.927                    43.482453664168446
-3.9230000000000005       6.928203230275509        8.921                    43.51857819699123
-4.047                    6.928203230275509        9.041                    43.55563602684226
-4.029                    6.928203230275509        8.979                    43.51450981360901
-3.993                    6.928203230275509        9.082                    43.5941789423065
-3.948                    6.928203230275509        9.006                    43.56468882442083
-4.006                    6.928203230275509        8.916                    43.473626665337065
-3.899                    6.928203230275509        9.088                    43.647959164113594
-4.089                    6.928203230275509        8.966                    43.497857904972946
-3.992                    6.928203230275509        8.919                    43.48068890100503
-4.047                    6.928203230275509        8.967                    43.50388914860023
-3.913                    6.928203230275509        8.986                    43.56898239655482
-3.908                    6.928203230275509        9.121                    43.66673519157271
-4.075                    6.928203230275509        9.082                    43.58094135929474
-3.947                    6.928203230275509        8.94                     43.51919604931577
-3.953                    6.928203230275509        8.972                    43.53829412917531
-3.927                    6.928203230275509        9.109                    43.64833481673625
-3.888                    6.928203230275509        9.06                     43.63381130454286
-3.914                    6.928203230275509        8.999                    43.577554785140606
-3.987                    6.928203230275509        8.932                    43.492380856283525
-3.925                    6.928203230275509        8.984                    43.561353319040734
-3.973                    6.928203230275509        9.098                    43.616240577652185
-3.9180000000000006       6.928203230275509        9.041                    43.60495509966542
-4.104                    6.928203230275509        8.916                    43.46129168214656
-4.026                    6.928203230275509        8.991                    43.523258678482094
-3.962                    6.928203230275509        8.977                    43.53701691522746
-3.889                    6.928203230275509        9.084                    43.65026155724342
-4.081                    6.928203230275509        8.967                    43.49957603119514
-3.9859999999999998       6.928203230275509        9.13                     43.631998405819
-3.9310000000000005       6.928203230275509        9.079                    43.62498727218018
-3.9180000000000006       6.928203230275509        9.127                    43.665818587460386
-3.895                    6.928203230275509        9.023                    43.60417835414703
-3.974                    6.928203230275509        9.017                    43.558605191966585
-4.031                    6.928203230275509        9.063000000000002        43.5731460264289
-3.8980000000000006       6.928203230275509        9.029                    43.606851761196836
-3.8870000000000005       6.928203230275509        8.97                     43.57118940037528
-3.9769999999999994       6.928203230275509        9.116                    43.62687341189092
-3.954                    6.928203230275509        9.114                    43.63769390558667
-3.927                    6.928203230275509        9.134                    43.666113389850395
-3.906                    6.928203230275509        8.944                    43.54333720138022
-3.9830000000000005       6.928203230275509        8.934                    43.49591315146262
-3.9700000000000006       6.928203230275509        8.95                     43.513965203279675
-4.02                     6.928203230275509        9.13                     43.62197966875816
-3.975                    6.928203230275509        9.017                    43.558071122465265
-4.093                    6.928203230275509        9.085                    43.58073641082344
-3.927                    6.928203230275509        9.025                    43.58902320319294
-3.997                    6.928203230275509        8.946                    43.49671184278711
-4.101000000000001        6.928203230275509        9.068                    43.56770676173623
-4.011                    6.928203230275509        8.922                    43.477159101263354
-3.893                    6.928203230275509        9.063000000000002        43.633366492155794
-4.037                    6.928203230275509        9.049                    43.56252798743714
-4.055                    6.928203230275509        9.043                    43.55602493875671
-3.9780000000000006       6.928203230275509        9.055                    43.583178902063494
-3.91                     6.928203230275509        8.982                    43.567740657893594
-4.008                    6.928203230275509        9.092                    43.59652939884222
-3.9430000000000005       6.928203230275509        8.958                    43.53381061809124
-3.941                    6.928203230275509        9.042                    43.593644433402545
-3.901                    6.928203230275509        8.992                    43.57937137272537
-4.067                    6.928203230275509        8.937                    43.48053142320162
-3.962                    6.928203230275509        8.947000000000001        43.516131975117695
-4.017                    6.928203230275509        8.945                    43.49235595260032
-3.9700000000000006       6.928203230275509        9.094                    43.61500756635155
-4.101000000000001        6.928203230275509        8.98                     43.5060595125542
-4.025                    6.928203230275509        9.094                    43.59580277676729
-4.016000000000001        6.928203230275509        9.132                    43.623908474676085
-3.886                    6.928203230275509        9.101                    43.66384434070756
-4.022                    6.928203230275509        8.909                    43.466806138996176
-3.9830000000000005       6.928203230275509        9.052                    43.57838589491486
-4.114                    6.928203230275509        9.081000000000001        43.57518229853727
-3.8960000000000004       6.928203230275509        9.088                    43.64950222995829
-4.095                    6.928203230275509        9.033                    43.54387716618096
-4.09                     6.928203230275509        8.911000000000001        43.459629510081534
-4.045                    6.928203230275509        8.991                    43.520868854846874
-4.017                    6.928203230275509        8.919                    43.474339457479324
-4.02                     6.928203230275509        9.005                    43.533796199035805
-3.987                    6.928203230275509        9.122                    43.62577064926922
-4.096                    6.928203230275509        8.992                    43.51506750903627
-3.942                    6.928203230275509        8.912                    43.502422407347204
-3.928                    6.928203230275509        8.96                     43.54305482483243
-3.9369999999999994       6.928203230275509        8.991                    43.559974700582266
-3.974                    6.928203230275509        9.025                    43.56421773655835
-4.106                    6.928203230275509        8.937                    43.475555541267816
-3.933                    6.928203230275509        8.982                    43.55578141791455
-3.9859999999999998       6.928203230275509        9.014                    43.55007577368089
-4.044                    6.928203230275509        8.95                     43.49245043277928
-4.095                    6.928203230275509        9.104                    43.59391287524951
-4.095                    6.928203230275509        9.015                    43.531266304721726
-3.992                    6.928203230275509        8.998                    43.53564698004752
-4.086                    6.928203230275509        9.025                    43.53942739557634
-4.053                    6.928203230275509        9.08                     43.58234756679645
-4.005                    6.928203230275509        8.968                    43.50983833308693
-4.048                    6.928203230275509        9.069                    43.57522107594212
-3.994                    6.928203230275509        9.061                    43.578810517768744
-3.9980000000000007       6.928203230275509        8.998                    43.532410272960995
-3.968                    6.928203230275509        9.003                    43.55199588053989
-3.889                    6.928203230275509        9.059                    43.63259379597265
-4.067                    6.928203230275509        9.024                    43.54116014451395
-4.05                     6.928203230275509        8.937                    43.48267790351979
-3.914                    6.928203230275509        9.012                    43.58666075938269
-3.9630000000000005       6.928203230275509        9.099000000000002        43.62227730639889
-4.056                    6.928203230275509        9.092                    43.59044597265104
-3.894                    6.928203230275509        9.052                    43.62509404138556
-3.9240000000000004       6.928203230275509        9.058                    43.61381041847593
-3.952                    6.928203230275509        9.043                    43.588553248946134
-4.061                    6.928203230275509        9.056                    43.56440391125157
-4.07                     6.928203230275509        9.061                    43.566773071989694
-4.074                    6.928203230275509        8.905                    43.45752236567727
-4.088                    6.928203230275509        8.927                    43.47093951387903
-4.072                    6.928203230275509        8.98                     43.50977335676005
-3.9510000000000005       6.928203230275509        9.001                    43.55960627185347
-4.064                    6.928203230275509        8.978                    43.50939731857658
-3.899                    6.928203230275509        8.912                    43.524753890491546
-4.111                    6.928203230275509        9.127                    43.60813426134019
-4.064                    6.928203230275509        9.106                    43.59933212127039
-4.047                    6.928203230275509        9.032                    43.54931537601074
-4.094                    6.928203230275509        9.041                    43.54962075183252
-4.082                    6.928203230275509        9.125                    43.61048865875919
-3.9960000000000004       6.928203230275509        9.103                    43.607429125106705
-4.001                    6.928203230275509        8.966                    43.508941598428805
-4.065000000000001        6.928203230275509        9.08                     43.58081307267675
-3.9490000000000003       6.928203230275509        9.029                    43.580293475775264
-4.114                    6.928203230275509        9.042                    43.5477314072278
-4.088                    6.928203230275509        8.981                    43.50842590767175
-4.002                    6.928203230275509        9.096                    43.600114722274625
-4.053                    6.928203230275509        9.135000000000002        43.62133205631921
-4.054                    6.928203230275509        8.931                    43.47801777894958
-3.9589999999999996       6.928203230275509        9.114                    43.635044741031464
-3.96                     6.928203230275509        9.03                     43.57517868462966
-4.083000000000001        6.928203230275509        9.024                    43.53911201641196
-3.903                    6.928203230275509        8.957                    43.553923806903505
-4.001                    6.928203230275509        8.992                    43.527075984067906
-4.088                    6.928203230275509        9.097                    43.58986619097232
-4.053                    6.928203230275509        9.090000000000002        43.58941480059978
-4.099                    6.928203230275509        9.039                    43.54757060340037
-4.072                    6.928203230275509        8.921                    43.46882466586235
-4.028                    6.928203230275509        9.111                    43.607469862092046
-3.892                    6.928203230275509        9.035                    43.614150383967484
-4.006                    6.928203230275509        9.018000000000002        43.54465013369291
-3.9240000000000004       6.928203230275509        8.981                    43.55977925022926
-3.932                    6.928203230275509        8.995                    43.56538845897935
-3.982                    6.928203230275509        9.129                    43.633435777923914
-3.9560000000000004       6.928203230275509        9.024                    43.573084406418396
-4.097                    6.928203230275509        8.941                    43.479481021367405
-3.91                     6.928203230275509        8.993                    43.57542759504771
-4.004                    6.928203230275509        8.98                     43.51832615656986
-4.077                    6.928203230275509        9.078                    43.57785998764458
-3.948                    6.928203230275509        8.954                    43.52839746144349
-4.102                    6.928203230275509        8.948                    43.48369188590616
-3.9160000000000004       6.928203230275509        8.944                    43.538166696286595
-3.9110000000000005       6.928203230275509        9.052                    43.61633145024284
-3.9639999999999995       6.928203230275509        9.046                    43.58430658621051
-3.9639999999999995       6.928203230275509        9.059                    43.59346566047545
-3.9560000000000004       6.928203230275509        8.959                    43.52765376679628
-4.103                    6.928203230275509        9.05                     43.554779553782254
-3.897                    6.928203230275509        9.024                    43.60385331865552
-3.9169999999999994       6.928203230275509        8.908                    43.512697573050616
-4.022                    6.928203230275509        9.003                    43.53214657042969
-3.888                    6.928203230275509        9.056                    43.630989446933725
-3.91                     6.928203230275509        9.107                    43.65575268528501
-3.8980000000000006       6.928203230275509        8.995                    43.58301274224891
-4.012                    6.928203230275509        8.946                    43.493671611208306
-3.9160000000000004       6.928203230275509        8.971                    43.55695867557104
-4.021                    6.928203230275509        8.918                    43.47315099537042
-3.947                    6.928203230275509        9.001                    43.561715220115936
-4.018                    6.928203230275509        8.969                    43.50891748544028
-4.072                    6.928203230275509        8.918                    43.46675114936525
-3.89                     6.928203230275509        8.934                    43.544612467325315
-3.935                    6.928203230275509        9.114                    43.647700744176746
-4.037                    6.928203230275509        8.967                    43.50514734135536
-3.895                    6.928203230275509        9.103                    43.660649624507236
-4.115                    6.928203230275509        9.046                    43.550410273658414
-4.089                    6.928203230275509        9.041                    43.55026563305001
-3.9859999999999998       6.928203230275509        9.022                    43.55568555516566
-4.096                    6.928203230275509        8.996                    43.51785875507032
-3.9839999999999995       6.928203230275509        8.962                    43.51482996564558
-3.895                    6.928203230275509        9.077                    43.642231391519886
-4.021                    6.928203230275509        8.956000000000001        43.49949871527988
-3.9690000000000003       6.928203230275509        9.105                    43.62333834861359
-4.055                    6.928203230275509        9.02                     43.53988486641546
-3.906                    6.928203230275509        8.994                    43.57819315254508
-4.045                    6.928203230275509        9.064                    43.57207708049454
-4.102                    6.928203230275509        9.114                    43.60008688689465
-3.9180000000000006       6.928203230275509        9.123                    43.6629725248156
-3.95                     6.928203230275509        9.128                    43.64976209527847
-3.935                    6.928203230275509        8.964                    43.54218300391901
-4.033                    6.928203230275509        9.114                    43.608963954568786
-4.108                    6.928203230275509        9.088                    43.58090682551819
-4.06                     6.928203230275509        9.106                    43.59984533811349
-4.007000000000001        6.928203230275509        9.089                    43.59453175517917
-4.103                    6.928203230275509        9.081000000000001        43.576614763250404
-4.067                    6.928203230275509        9.075                    43.57702729937869
-3.95                     6.928203230275509        8.916                    43.50098184522307
-3.9169999999999994       6.928203230275509        9.132                    43.669897986709124
-4.08                     6.928203230275509        9.009000000000002        43.52899584360393
-3.9859999999999998       6.928203230275509        9.038                    43.56692292046283
-4.086                    6.928203230275509        8.913                    43.4615196286474
-3.93                     6.928203230275509        9.036000000000001        43.59518676546854
-4.112                    6.928203230275509        8.982                    43.506033255297666
-4.044                    6.928203230275509        9.107                    43.60259948770343
-3.93                     6.928203230275509        9.074                    43.62197532098695
-3.895                    6.928203230275509        9.043                    43.61824055622586
-4.021                    6.928203230275509        9.046                    43.562435084380546
-3.962                    6.928203230275509        8.985                    43.54260032503974
-3.9360000000000004       6.928203230275509        9.117000000000003        43.649308041075585
-4.07                     6.928203230275509        8.937                    43.480151216766295
-3.9839999999999995       6.928203230275509        9.107                    43.61673071752061
-4.005                    6.928203230275509        9.084                    43.59124574719242
-4.086                    6.928203230275509        9.091                    43.58588180889485
-4.016000000000001        6.928203230275509        9.087                    43.59198524869299
-3.927                    6.928203230275509        9.03                     43.59253534761352
-3.908                    6.928203230275509        9.031                    43.60310277480156
-3.982                    6.928203230275509        8.926                    43.490904202196226
-3.9630000000000005       6.928203230275509        8.91                     43.48995851092459
-3.9569999999999994       6.928203230275509        8.919                    43.499362387658536
-3.915                    6.928203230275509        8.928                    43.52758071963531
-3.947                    6.928203230275509        8.927                    43.5101791797195
-3.953                    6.928203230275509        9.088                    43.6197863133744
-4.025                    6.928203230275509        8.909                    43.46643322661646
-3.927                    6.928203230275509        9.12                     43.65615025081968
-4.058                    6.928203230275509        9.090000000000002        43.58877569777384
-3.9360000000000004       6.928203230275509        9.058                    43.607539440715506
-4.08                     6.928203230275509        9.019                    43.53599427149613
-4.113                    6.928203230275509        8.937                    43.47465480822688
-4.065000000000001        6.928203230275509        9.11                     43.602038587877296
-3.947                    6.928203230275509        9.028                    43.58064531916712
-4.096                    6.928203230275509        8.986                    43.51088342080806
-3.899                    6.928203230275509        8.971                    43.565735724940374
-4.115                    6.928203230275509        9.101                    43.589183639540096
-4.093                    6.928203230275509        9.118                    43.6040941193775
-4.083000000000001        6.928203230275509        9.088                    43.584148983800304
-4.02                     6.928203230275509        9.014                    43.540097026522055
-3.96                     6.928203230275509        9.091                    43.61820247136431
-4.084                    6.928203230275509        8.927                    43.47144932092328
-3.992                    6.928203230275509        9.035                    43.5615858218319
-3.899                    6.928203230275509        8.918                    43.52890679629293
-4.048                    6.928203230275509        9.046                    43.55902378803875
-3.947                    6.928203230275509        9.000000000000002        43.56101540326055
-3.934                    6.928203230275509        9.056                    43.607176956168274
-3.895                    6.928203230275509        9.042                    43.617536565542295
-3.886                    6.928203230275509        9.125                    43.68089808945047
-4.034000000000001        6.928203230275509        9.029                    43.54885384820674
-3.974                    6.928203230275509        9.057                    43.586727253753324
-3.9560000000000004       6.928203230275509        8.938000000000002        43.51305989418122
-4.051                    6.928203230275509        8.921                    43.471475441294714
-3.9839999999999995       6.928203230275509        9.101                    43.612475470520884
-3.8960000000000004       6.928203230275509        9.055                    43.62618200530123
-4.038                    6.928203230275509        8.959                    43.49945707872983
-3.979                    6.928203230275509        9.08                     43.600289842060995
-4.007000000000001        6.928203230275509        9.105                    43.60586529846149
-4.105                    6.928203230275509        9.043                    43.549602170912316
-4.073                    6.928203230275509        9.094                    43.589679922718744
-3.9900000000000007       6.928203230275509        9.009000000000002        43.54442214364477
-3.9900000000000007       6.928203230275509        9.12                     43.62273394286521
-3.91                     6.928203230275509        9.063000000000002        43.62460726504716
-3.954                    6.928203230275509        9.032                    43.579760914053125
-4.044                    6.928203230275509        8.958                    43.49800788090319
-4.112                    6.928203230275509        9.024                    43.53536893034492
-3.921                    6.928203230275509        8.945                    43.53626654789595
-4.105                    6.928203230275509        8.94                     43.47776172922602
-4.034000000000001        6.928203230275509        8.99                     43.52155633089911
-3.9490000000000003       6.928203230275509        9.042                    43.58943313493026
-3.9389999999999996       6.928203230275509        8.933                    43.51854119346782
-4.015                    6.928203230275509        9.025                    43.54843479560527
-4.039                    6.928203230275509        9.13                     43.6195658680489
-3.9700000000000006       6.928203230275509        8.936                    43.50424418389255
-4.072                    6.928203230275509        9.105                    43.59759501229255
-3.979                    6.928203230275509        8.911000000000001        43.482129130773345
-3.906                    6.928203230275509        9.039                    43.6097616467849
-4.084                    6.928203230275509        8.983                    43.510331775602104
-3.9960000000000004       6.928203230275509        9.094                    43.60105145096126
-3.9909999999999997       6.928203230275509        8.927                    43.48676605069065
-3.994                    6.928203230275509        9.067                    43.58304317458304
-4.077                    6.928203230275509        9.112                    43.60191104810971
-4.115                    6.928203230275509        9.079                    43.573640644550814
-4.074                    6.928203230275509        9.075                    43.57612877103787
-4.044                    6.928203230275509        8.941                    43.4862053943393
-3.9290000000000003       6.928203230275509        9.129                    43.66150815325827
-3.901                    6.928203230275509        9.123                    43.67177212351838
-3.9980000000000007       6.928203230275509        9.05                     43.56889925751975
-3.9169999999999994       6.928203230275509        8.914                    43.51684767280863
-4.113                    6.928203230275509        8.95                     43.48366305391568
-3.975                    6.928203230275509        8.91                     43.483574379010804
-3.89                     6.928203230275509        8.961                    43.56338317738405
-4.054                    6.928203230275509        8.939                    43.48356024936497
-3.91                     6.928203230275509        8.94                     43.538493706593165
-4.105                    6.928203230275509        9.055                    43.558035890651944
-4.077                    6.928203230275509        9.098                    43.59199469336566
