% Model:              Untitled.mph
% Version:            COMSOL 6.1.0.357
% Date:               Jan 20 2025, 18:49
% Dimension:          3
% Nodes:              142
% Expressions:        1
% Description:        Potenziale elettrico
% Length unit:        mm
% x                       y                        z                        V (V)
-3.806                    6.928203230275509        31.961999999999996       65.51060562634414
-4.2                      6.928203230275509        31.745999999999995       65.32153612820434
-4.107                    6.928203230275509        31.890999999999995       65.1872168125429
-4.063                    6.928203230275509        31.924                   65.2178734235221
-4.054                    6.928203230275509        31.678000000000004       65.91913135653742
-3.881                    6.928203230275509        31.667                   66.24707458160847
-4.091                    6.928203230275509        31.702                   65.74776284186201
-3.9810000000000003       6.928203230275509        31.732000000000003       65.94671183993302
-4.043                    6.928203230275509        31.849000000000004       65.47941577015894
-3.9580000000000006       6.928203230275509        31.972                   65.306378321551
-4.065000000000001        6.928203230275509        31.835999999999995       65.45386553866538
-3.9290000000000003       6.928203230275509        31.725999999999996       66.02491618968544
-3.834                    6.928203230275509        32.032                   65.2818727751262
-3.829                    6.928203230275509        31.886                   65.69647318650425
-4.046                    6.928203230275509        31.749                   65.74644924415568
-3.809                    6.928203230275509        31.738000000000003       66.13529689082937
-3.9260000000000006       6.928203230275509        31.98                    65.32085140430064
-4.074                    6.928203230275509        31.823000000000004       65.46442582692491
-4.057                    6.928203230275509        31.754000000000005       65.7015669247419
-3.885                    6.928203230275509        31.821                   65.81204365627418
-4.08                     6.928203230275509        31.846                   65.38472525700132
-4.164000000000001        6.928203230275509        31.806                   65.2602840776023
-3.808                    6.928203230275509        31.688000000000002       66.27681892768389
-4.178                    6.928203230275509        31.788000000000004       65.26993781747616
-3.812                    6.928203230275509        31.974000000000004       65.46992892717996
-3.866                    6.928203230275509        31.719000000000005       66.11975739572426
-3.9189999999999996       6.928203230275509        31.976                   65.3400483241206
-3.9890000000000003       6.928203230275509        31.745999999999995       65.89841143314212
-3.8330000000000006       6.928203230275509        31.722                   66.15113132571076
-3.9769999999999994       6.928203230275509        31.936                   65.38461880978514
-3.9659999999999997       6.928203230275509        32.01                    65.19164189269667
-4.023                    6.928203230275509        31.682000000000002       65.9969491692119
-4.079                    6.928203230275509        31.752000000000002       65.64492106953755
-3.928                    6.928203230275509        31.841                   65.70566663754923
-3.9459999999999997       6.928203230275509        31.752000000000002       65.93235374732069
-4.066                    6.928203230275509        31.688000000000002       65.85733551570489
-4.127                    6.928203230275509        32.052                   64.69530195355458
-3.814                    6.928203230275509        32.002                   65.3891256636619
-4.044                    6.928203230275509        31.81                    65.58405530515914
-3.954                    6.928203230275509        31.967000000000002       65.32486415532912
-3.9659999999999997       6.928203230275509        31.753000000000004       65.90598976444655
-3.867                    6.928203230275509        31.851                   65.74949506627563
-3.894                    6.928203230275509        32.05400000000001        65.15135117934331
-3.902                    6.928203230275509        32.019                   65.23976984689493
-4.062                    6.928203230275509        31.655999999999995       65.95668940507667
-4.139                    6.928203230275509        31.921                   65.01809232922268
-4.059                    6.928203230275509        31.713000000000005       65.80860501061247
-4.026                    6.928203230275509        31.965                   65.20641967349354
-4.167                    6.928203230275509        31.958000000000002       64.84209748275104
-3.861                    6.928203230275509        31.745                   66.05303653656262
-4.028                    6.928203230275509        31.824000000000005       65.59028387615014
-3.9859999999999998       6.928203230275509        32.053                   65.04958397743974
-4.149                    6.928203230275509        31.995                   64.7907377037927
-4.144                    6.928203230275509        31.835999999999995       65.23457812279466
-3.829                    6.928203230275509        32.004                   65.36604848439174
-4.124                    6.928203230275509        31.965                   64.9395275742211
-4.118                    6.928203230275509        31.925                   65.06454073832444
-3.9769999999999994       6.928203230275509        31.761                   65.87081923703155
-4.052                    6.928203230275509        31.683000000000003       65.91109584929674
-4.194                    6.928203230275509        31.811                   65.16376573505283
-4.145                    6.928203230275509        31.725                   65.53238820442081
-3.818                    6.928203230275509        31.696                   66.24220019146094
-3.987                    6.928203230275509        32.004                   65.1844202622927
-4.058                    6.928203230275509        31.93                    65.21512416073548
-3.95                     6.928203230275509        32.007                   65.21822204197906
-4.062                    6.928203230275509        31.933000000000003       65.19591441169405
-4.104                    6.928203230275509        31.954000000000004       65.02376372045359
-3.835                    6.928203230275509        31.769                   66.01704582746817
-4.163                    6.928203230275509        32.05400000000001        64.5939988885371
-4.191000000000001        6.928203230275509        31.742                   65.35742367991303
-4.154                    6.928203230275509        31.796                   65.31507073098287
-4.168                    6.928203230275509        31.824000000000005       65.20064893610181
-4.022                    6.928203230275509        31.669000000000004       66.03578314997498
-4.016000000000001        6.928203230275509        31.849000000000004       65.55473574355598
-3.85                     6.928203230275509        31.665                   66.29019866250361
-3.847                    6.928203230275509        31.995999999999995       65.36750784545634
-4.166                    6.928203230275509        31.893000000000004       65.02007030443403
-4.06                     6.928203230275509        31.977999999999998       65.07784565125378
-3.864                    6.928203230275509        31.852999999999998       65.74744754548898
-3.87                     6.928203230275509        31.901                   65.60623210089162
-3.94                     6.928203230275509        31.806                   65.78907347529174
-4.129                    6.928203230275509        31.99                    64.85815012532834
-3.92                     6.928203230275509        31.710999999999995       66.07744526766402
-4.014                    6.928203230275509        32.049                   65.00688541323201
-4.129                    6.928203230275509        31.710999999999995       65.61551552896724
-4.189                    6.928203230275509        31.75                    65.3415151644251
-3.8130000000000006       6.928203230275509        31.878000000000004       65.73784770019566
-3.862                    6.928203230275509        31.754000000000005       66.02666373569782
-4.129                    6.928203230275509        31.940999999999995       64.99110130432209
-3.903                    6.928203230275509        31.966                   65.38638260253467
-4.118                    6.928203230275509        31.914000000000005       65.09444904121086
-3.902                    6.928203230275509        31.895                   65.58554296599374
-4.093                    6.928203230275509        31.907999999999998       65.17931114197592
-4.014                    6.928203230275509        31.9                     65.41915379293626
-3.9839999999999995       6.928203230275509        32.031                   65.11289382451014
-4.177                    6.928203230275509        31.804                   65.22963193453703
-4.025                    6.928203230275509        32                       65.11249764116629
-3.883                    6.928203230275509        31.920000000000005       65.53795798351914
-3.9639999999999995       6.928203230275509        31.752000000000002       65.91112558269428
-4.057                    6.928203230275509        31.889                   65.3305174265266
-3.827                    6.928203230275509        31.920000000000005       65.60360469308368
-3.908                    6.928203230275509        31.957                   65.4056911724769
-3.907                    6.928203230275509        31.773000000000003       65.91997701923756
-3.8510000000000004       6.928203230275509        31.674                   66.26378699946612
-3.987                    6.928203230275509        31.887999999999998       65.50640326928985
-4.087                    6.928203230275509        31.935                   65.1219859161035
-3.857                    6.928203230275509        31.759000000000004       66.01866386400583
-3.832                    6.928203230275509        32.05400000000001        65.22261953090492
-4.03                     6.928203230275509        31.958000000000002       65.214793391525
-4.103                    6.928203230275509        31.701                   65.71640681739352
-4.124                    6.928203230275509        31.777                   65.45026277169552
-3.962                    6.928203230275509        31.962999999999997       65.32681004894974
-3.941                    6.928203230275509        31.791                   65.82966351392456
-4.006                    6.928203230275509        31.856                   65.56327681182304
-3.867                    6.928203230275509        31.903000000000002       65.60416116621244
-4.056                    6.928203230275509        32.053                   64.88272153674363
-4.083000000000001        6.928203230275509        31.893000000000004       65.24780922044313
-4.18                     6.928203230275509        31.749                   65.36935724442284
-3.902                    6.928203230275509        31.917                   65.52418358406294
-3.9310000000000005       6.928203230275509        31.972                   65.33737400211034
-3.982                    6.928203230275509        31.95                    65.34001170215357
-4.134                    6.928203230275509        31.957                   64.93412517407967
-3.932                    6.928203230275509        32.035                   65.16087276850702
-4.162                    6.928203230275509        31.710999999999995       65.52235111346374
-4.136                    6.928203230275509        31.962999999999997       64.91244231821898
-3.914                    6.928203230275509        31.699000000000005       66.11807712121524
-3.904                    6.928203230275509        31.815                   65.80635414630758
-3.803                    6.928203230275509        31.732000000000003       66.15940537914693
-3.828                    6.928203230275509        31.867                   65.75087752304024
-3.8980000000000006       6.928203230275509        31.845                   65.72971872061467
-4.192                    6.928203230275509        31.940000000000005       64.82294115144974
-4.029                    6.928203230275509        31.84                    65.54329861438087
-3.934                    6.928203230275509        31.906999999999996       65.51486797412375
-4.189                    6.928203230275509        32.025                   64.60281984102812
-3.992                    6.928203230275509        31.664000000000005       66.12265969384639
-4.06                     6.928203230275509        31.875                   65.3606777529938
-3.8510000000000004       6.928203230275509        31.774000000000004       65.98387276148789
-3.868                    6.928203230275509        31.89                    65.63931711861869
-3.848                    6.928203230275509        31.808000000000003       65.89230102730319
-3.837                    6.928203230275509        31.756                   66.05105800002971
-4.088                    6.928203230275509        31.678000000000004       65.82194199373104
-4.154                    6.928203230275509        31.917                   64.98802736331889
