% Model:              Untitled.mph
% Version:            COMSOL 6.1.0.357
% Date:               Jan 20 2025, 18:49
% Dimension:          3
% Nodes:              119
% Expressions:        1
% Description:        Potenziale elettrico
% Length unit:        mm
% x                       y                        z                        V (V)
-3.933                    6.928203230275509        57.403000000000006       100.75723160481502
-3.881                    6.928203230275509        57.257000000000005       100.06850000915745
-3.886                    6.928203230275509        57.473000000000006       101.11511969710581
-4.066                    6.928203230275509        57.458000000000006       100.57068723567325
-3.9369999999999994       6.928203230275509        57.33                    100.39840385541798
-4.073                    6.928203230275509        57.321                   99.8823337855911
-4.069                    6.928203230275509        57.315                   99.87798533445611
-3.9900000000000007       6.928203230275509        57.428                   100.85968351344826
-3.886                    6.928203230275509        57.447                   100.99065140864025
-3.901                    6.928203230275509        57.252                   100.03612161388459
-3.863                    6.928203230275509        57.423                   100.88051256363055
-3.895                    6.928203230275509        57.455                   101.02707608887016
-4.031                    6.928203230275509        57.45400000000001        100.77919568081313
-4.09                     6.928203230275509        57.497                   100.59230250911557
-3.9890000000000003       6.928203230275509        57.451                   100.97400671349322
-3.965                    6.928203230275509        57.311                   100.29454381284087
-4.093                    6.928203230275509        57.358                   99.93686087243273
-4.035                    6.928203230275509        57.364                   100.3223795513235
-4.028                    6.928203230275509        57.415                   100.6151012480123
-4.001                    6.928203230275509        57.405                   100.73399853137215
-4.071                    6.928203230275509        57.515                   100.79610651456986
-4.064                    6.928203230275509        57.283                   99.75550803394333
-3.872                    6.928203230275509        57.466                   101.08914712358984
-4.133                    6.928203230275509        57.45                    100.10528877332007
-4.07                     6.928203230275509        57.303                   99.81459735797038
-4.112                    6.928203230275509        57.269                   99.40041091773169
-4.06                     6.928203230275509        57.444                   100.54531652756899
-4.029                    6.928203230275509        57.318                   100.13583108280625
-4.019                    6.928203230275509        57.27                    99.96442116866646
-3.904                    6.928203230275509        57.473000000000006       101.10564187519407
-4.12                     6.928203230275509        57.24000000000001        99.21711883641018
-3.889                    6.928203230275509        57.50900000000001        101.25288798252978
-3.9690000000000003       6.928203230275509        57.39900000000001        100.7241012855568
-3.8980000000000006       6.928203230275509        57.338                   100.45265427637572
-3.872                    6.928203230275509        57.282                   100.19224094207216
-3.862                    6.928203230275509        57.36                    100.573230272579
-3.932                    6.928203230275509        57.372                   100.60544845404762
-3.95                     6.928203230275509        57.434                   100.90399606521142
-4.078                    6.928203230275509        57.337                   99.92834625063932
-3.883                    6.928203230275509        57.415                   100.83425348027309
-4.043                    6.928203230275509        57.317                   100.04575459021794
-4.051                    6.928203230275509        57.404                   100.4181471884595
-3.888                    6.928203230275509        57.438                   100.94560128394164
-4.111                    6.928203230275509        57.395                   99.99484414308046
-3.9700000000000006       6.928203230275509        57.477000000000004       101.08784320783192
-3.995                    6.928203230275509        57.427                   100.85286948917854
-4.041                    6.928203230275509        57.4                     100.46075557478092
-3.902                    6.928203230275509        57.338                   100.4511024501254
-4.07                     6.928203230275509        57.324                   99.91495381765468
-3.885                    6.928203230275509        57.27600000000001        100.15809221839015
-3.995                    6.928203230275509        57.39900000000001        100.71421768864451
-3.968                    6.928203230275509        57.427                   100.86282127906733
-4.033                    6.928203230275509        57.28                    99.9281935982554
-4.078                    6.928203230275509        57.279                   99.652077814915
-3.9490000000000003       6.928203230275509        57.255                   100.03003059693876
-3.891                    6.928203230275509        57.405                   100.78234045741836
-3.9290000000000003       6.928203230275509        57.482                   101.12725784558111
-4.133                    6.928203230275509        57.29500000000001        99.39560386205412
-4.110000000000001        6.928203230275509        57.315                   99.62885485579747
-3.9830000000000005       6.928203230275509        57.508                   101.23072917770791
-4.023                    6.928203230275509        57.301                   100.09001075647129
-3.865                    6.928203230275509        57.368                   100.61103212299636
-3.9630000000000005       6.928203230275509        57.44                    100.92904112593864
-3.9580000000000006       6.928203230275509        57.278000000000006       100.1372876784367
-4.095                    6.928203230275509        57.33100000000001        99.79595157380949
-4.061                    6.928203230275509        57.248                   99.60707414679774
-4.031                    6.928203230275509        57.44                    100.71461570108103
-4.124                    6.928203230275509        57.484                   100.31556850186873
-3.895                    6.928203230275509        57.39900000000001        100.75148015673699
-3.928                    6.928203230275509        57.367000000000004       100.58250174938672
-3.982                    6.928203230275509        57.417                   100.80815038707387
-3.9430000000000005       6.928203230275509        57.416                   100.81760216105425
-3.997                    6.928203230275509        57.488                   101.14005713105578
-3.9859999999999998       6.928203230275509        57.443                   100.93562278347216
-3.867                    6.928203230275509        57.41                    100.81538830612843
-3.9440000000000004       6.928203230275509        57.315                   100.32260323650402
-4.039                    6.928203230275509        57.47                    100.80054729108318
-4.022                    6.928203230275509        57.305                   100.11544596950422
-4.059                    6.928203230275509        57.258                   99.66656208888551
-3.903                    6.928203230275509        57.27                    100.12179250833734
-4.065000000000001        6.928203230275509        57.319                   99.92146026489743
-4.065000000000001        6.928203230275509        57.43500000000001        100.47172542520417
-4.102                    6.928203230275509        57.385                   100.00624766937952
-4.048                    6.928203230275509        57.323                   100.04421658681855
-4.001                    6.928203230275509        57.31400000000001        100.28691299350915
-3.987                    6.928203230275509        57.398                   100.71233518400204
-4.064                    6.928203230275509        57.333000000000006       99.99469802019226
-4                        6.928203230275509        57.253                   99.99649550310116
-3.899                    6.928203230275509        57.302                   100.27778012071656
-4.095                    6.928203230275509        57.47500000000001        100.46103455070715
-4.083000000000001        6.928203230275509        57.339                   99.90735014581256
-4.029                    6.928203230275509        57.443                   100.74147244564166
-4.122                    6.928203230275509        57.248                   99.2424238644459
-3.92                     6.928203230275509        57.273                   100.12915144753596
-3.8690000000000007       6.928203230275509        57.377                   100.65340553972497
-3.873                    6.928203230275509        57.442                   100.97045092088652
-3.873                    6.928203230275509        57.469                   101.10364001397072
-4.119000000000001        6.928203230275509        57.483                   100.3430748884137
-4.012                    6.928203230275509        57.512                   101.16859754691924
-4.006                    6.928203230275509        57.304                   100.20776694943149
-4.082                    6.928203230275509        57.461                   100.48121248600657
-3.9810000000000003       6.928203230275509        57.372                   100.58653756101867
-4.025                    6.928203230275509        57.317                   100.15534790665774
-3.897                    6.928203230275509        57.334                   100.43361201441459
-3.95                     6.928203230275509        57.479                   101.10430000613748
-4.018                    6.928203230275509        57.277                   100.0042328655311
-3.864                    6.928203230275509        57.342                   100.48509847760583
-3.9700000000000006       6.928203230275509        57.239                   99.94372192202813
-3.914                    6.928203230275509        57.396                   100.7298321775678
-4.118                    6.928203230275509        57.369                   99.83226361988659
-3.955                    6.928203230275509        57.468                   101.05886216942535
-3.906                    6.928203230275509        57.387                   100.68866154798081
-4.073                    6.928203230275509        57.479                   100.62096547032688
-4.086                    6.928203230275509        57.441                   100.36431167136293
-4.039                    6.928203230275509        57.282                   99.90159446663705
-4.136                    6.928203230275509        57.313                   99.46164424726399
-3.872                    6.928203230275509        57.35000000000001        100.52089728313346
-3.9440000000000004       6.928203230275509        57.397                   100.7236341069904
-4.003                    6.928203230275509        57.312000000000005       100.26497941401965
