% Model:              Untitled.mph
% Version:            COMSOL 6.1.0.357
% Date:               Jan 20 2025, 18:49
% Dimension:          3
% Nodes:              142
% Expressions:        1
% Description:        Potenziale elettrico
% Length unit:        mm
% x                       y                        z                        V (V)
-4.088                    6.928203230275509        38.185                   54.794383843922404
-4.132                    6.928203230275509        38.134                   54.6399012521009
-4.19                     6.928203230275509        38.392                   55.287159185502716
-3.852                    6.928203230275509        38                       54.436656957412346
-4.073                    6.928203230275509        38.294                   55.08803688648989
-3.806                    6.928203230275509        38.190000000000005       54.95090190921324
-4.036                    6.928203230275509        37.994                   54.32502118784302
-3.9980000000000007       6.928203230275509        38.263                   55.043393628659615
-4.173000000000001        6.928203230275509        38.073                   54.461951677917966
-3.876                    6.928203230275509        38.117                   54.72623660597765
-3.808                    6.928203230275509        38.026                   54.52522407014179
-3.96                     6.928203230275509        38.162                   54.799119493448714
-3.886                    6.928203230275509        38.303                   55.20837830459518
-3.861                    6.928203230275509        38.08200000000001        54.64320478324272
-3.882                    6.928203230275509        38.097                   54.67131129547379
-3.95                     6.928203230275509        37.999                   54.38249793140796
-4.12                     6.928203230275509        38.375                   55.27864702088895
-3.817                    6.928203230275509        38.245000000000005       55.08962422657634
-4.171                    6.928203230275509        38.246                   54.91209058734569
-4                        6.928203230275509        38.276                   55.07662432719042
-3.979                    6.928203230275509        38.035                   54.45911103938642
-3.9610000000000003       6.928203230275509        38.285                   55.12168813350047
-4.095                    6.928203230275509        38.198                   54.824874625205275
-3.802                    6.928203230275509        38.345                   55.360615679062875
-3.9839999999999995       6.928203230275509        38.286                   55.11186272705821
-4.015                    6.928203230275509        38.33                    55.21228820765115
-4.113                    6.928203230275509        38.34                    55.189399893365604
-3.815                    6.928203230275509        38.274                   55.16683985907236
-4.025                    6.928203230275509        38.337                   55.22590915275448
-4.14                     6.928203230275509        38.359                   55.225825087916455
-4.16                     6.928203230275509        38.125                   54.60263872305747
-3.8130000000000006       6.928203230275509        38.159                   54.86671018958468
-4.112                    6.928203230275509        38.236                   54.91585063384777
-3.837                    6.928203230275509        38.044                   54.55722131315392
-3.915                    6.928203230275509        38.325                   55.251799355735315
-3.865                    6.928203230275509        38.191                   54.92453749783146
-3.95                     6.928203230275509        38.017                   54.42876329770481
-4.1370000000000005       6.928203230275509        38.275                   55.005586793412405
-4.175                    6.928203230275509        38.002                   54.27890676670048
-3.9810000000000003       6.928203230275509        38.08                    54.574309180554735
-4.166                    6.928203230275509        38.024                   54.33960531375545
-4.095                    6.928203230275509        38.120000000000005       54.62182180592417
-3.9169999999999994       6.928203230275509        38.112                   54.691979093523386
-3.95                     6.928203230275509        38.144                   54.75758655046039
-4.055                    6.928203230275509        38.08200000000001        54.542755939503294
-4.084                    6.928203230275509        38.133                   54.66093572257121
-3.93                     6.928203230275509        38.2                     54.91457034162414
-3.9830000000000005       6.928203230275509        38.345                   55.26887883537587
-4.059                    6.928203230275509        38.175                   54.78251808385583
-4.043                    6.928203230275509        38.392                   55.363307169275366
-4.091                    6.928203230275509        38.342                   55.205938878726194
-4.029                    6.928203230275509        38.015                   54.38224399201589
-4.046                    6.928203230275509        38.246                   54.97496152182375
-3.9610000000000003       6.928203230275509        38.315000000000005       55.20109306303305
-4.076                    6.928203230275509        38.056                   54.46554237227334
-4.141                    6.928203230275509        38.349                   55.19880978057577
-4.006                    6.928203230275509        38.236                   54.968216900599465
-3.853                    6.928203230275509        38.238                   55.05365206344533
-4.17                     6.928203230275509        38.286                   55.01756446901154
-4.076                    6.928203230275509        38.075                   54.51457568344891
-3.9659999999999997       6.928203230275509        38.33400000000001        55.24882488121947
-4.19                     6.928203230275509        38.38900000000001        55.2791955703167
-3.9310000000000005       6.928203230275509        38.381                   55.392393953624556
-4.065000000000001        6.928203230275509        38.052                   54.46049545374353
-3.811                    6.928203230275509        38.09                    54.68867999374247
-4.176                    6.928203230275509        38.179                   54.73468434660646
-3.948                    6.928203230275509        38.29800000000001        55.16300942355045
-4.151                    6.928203230275509        38.33400000000001        55.15394062834455
-4.136                    6.928203230275509        38.319                   55.12204979870425
-4.174                    6.928203230275509        38.196                   54.77995387196701
-3.9380000000000006       6.928203230275509        38.235                   55.002174019143425
-3.9659999999999997       6.928203230275509        38.348                   55.28603350486271
-4.14                     6.928203230275509        38.312                   55.10151325859658
-3.811                    6.928203230275509        38.323                   55.29808536921807
-3.8690000000000007       6.928203230275509        38.181                   54.89639658650862
-4.104                    6.928203230275509        38.15400000000001        54.705701755943494
-3.948                    6.928203230275509        38.322                   55.22657973577747
-4.085                    6.928203230275509        38.175                   54.769768348340634
-4.136                    6.928203230275509        38.373                   55.265044045471384
-4.105                    6.928203230275509        37.994                   54.29237934703416
-4.144                    6.928203230275509        38.091                   54.52271439589693
-4.117                    6.928203230275509        38.297                   55.07371337860441
-3.834                    6.928203230275509        38.29800000000001        55.22094948522998
-3.856                    6.928203230275509        38.164                   54.858578783913615
-4.157                    6.928203230275509        38.312                   55.09274724377369
-3.806                    6.928203230275509        38.076                   54.65493995080153
-4.1                      6.928203230275509        38.195                   54.81455370369372
-3.877                    6.928203230275509        38.29800000000001        55.199701023158674
-4.079                    6.928203230275509        38.374                   55.29704657163823
-4.195                    6.928203230275509        38.083                   54.476703573393145
-4.12                     6.928203230275509        38.191                   54.79414664738333
-4.149                    6.928203230275509        38.037                   54.381276418055556
-4.029                    6.928203230275509        38.367                   55.30370627893356
-3.876                    6.928203230275509        38.144                   54.79639818412231
-4.142                    6.928203230275509        38.214                   54.843148370165615
-3.9780000000000006       6.928203230275509        38.202                   54.89395209076912
-3.952                    6.928203230275509        38.221                   54.957922239064445
-3.9119999999999995       6.928203230275509        38.203                   54.93187650835184
-3.927                    6.928203230275509        38.382                   55.39713742267959
-4.036                    6.928203230275509        38.025                   54.40468806053926
-3.906                    6.928203230275509        38.216                   54.96906296605522
-4.187                    6.928203230275509        38.301                   55.04820136209156
-3.994                    6.928203230275509        38.008                   54.3811343343293
-3.987                    6.928203230275509        38.17100000000001        54.807816029901815
-4.046                    6.928203230275509        38.026                   54.402549051485686
-4.153                    6.928203230275509        38.049                   54.41012688163158
-4.133                    6.928203230275509        38.234                   54.900021678982895
-4.156                    6.928203230275509        38.227                   54.87003284725925
-3.952                    6.928203230275509        38.08                    54.59026861441217
-3.9189999999999996       6.928203230275509        38.197                   54.91250626366272
-4.151                    6.928203230275509        38.364                   55.23336292402146
-3.839                    6.928203230275509        38.315000000000005       55.26344103375352
-4.052                    6.928203230275509        38.286                   55.07740698421247
-4.005                    6.928203230275509        38.003                   54.36256479788834
-4.038                    6.928203230275509        38.228                   54.931578824517814
-4.14                     6.928203230275509        38.158                   54.69822118957612
-4.091                    6.928203230275509        38.08200000000001        54.52541221282664
-3.882                    6.928203230275509        38.052                   54.55501818452444
-4.023                    6.928203230275509        38.153                   54.74254170834246
-4.116                    6.928203230275509        38.206                   54.83531706617007
-3.987                    6.928203230275509        38.31700000000001        55.19232632666905
-4.194                    6.928203230275509        38.20900000000001        54.80361268299287
-3.873                    6.928203230275509        38.323                   55.26783926621966
-4.176                    6.928203230275509        38.312                   55.082894694469985
-4.026                    6.928203230275509        38.16                    54.759363540361115
-4.124                    6.928203230275509        38.293                   55.059601794688184
-3.921                    6.928203230275509        38.376                   55.38424866731735
-3.897                    6.928203230275509        38.103                   54.679106536293126
-3.901                    6.928203230275509        38.176                   54.866976760054904
-4.193                    6.928203230275509        38.188                   54.749435766456614
-3.8960000000000004       6.928203230275509        38.38700000000001        55.42634475778471
-4.036                    6.928203230275509        38.161                   54.75714948317779
-3.973                    6.928203230275509        38.355                   55.30089644964595
-4.007000000000001        6.928203230275509        38.054                   54.49309439585016
-4.075                    6.928203230275509        38.087                   54.546075139143134
-3.9050000000000002       6.928203230275509        38.079                   54.61278312371372
-4.171                    6.928203230275509        38.36                    55.21231604127587
-4.078                    6.928203230275509        38.005                   54.33344082740279
-4.043                    6.928203230275509        38.172                   54.782473958466404
-4.05                     6.928203230275509        38.078                   54.534800492569914
-3.934                    6.928203230275509        38.04600000000001        54.51214308063278
-3.9310000000000005       6.928203230275509        38.362                   55.34177981328533
