% Model:              Untitled.mph
% Version:            COMSOL 6.1.0.357
% Date:               Jan 20 2025, 18:49
% Dimension:          3
% Nodes:              142
% Expressions:        1
% Description:        Potenziale elettrico
% Length unit:        mm
% x                       y                        z                        V (V)
3.979                     6.928203230275509        36.092                   70.03936740158917
4.1                       6.928203230275509        36.24                    69.97482609658304
3.82                      6.928203230275509        36.135                   70.35761703286502
4.126                     6.928203230275509        35.992                   69.27330177689626
3.9110000000000005        6.928203230275509        36.24                    70.49786433238194
4.158                     6.928203230275509        36.224                   69.70608522372225
4.012                     6.928203230275509        36.117                   70.02649237142869
3.835                     6.928203230275509        35.9                     69.73568323456644
3.884                     6.928203230275509        36.056                   70.07168819383467
3.967                     6.928203230275509        36.221                   70.37589123304568
3.953                     6.928203230275509        35.989                   69.81322947875734
4.146000000000001         6.928203230275509        36.018                   69.2598844546169
3.8600000000000003        6.928203230275509        36.05500000000001        70.10071319184519
4.106                     6.928203230275509        36.145                   69.72231848463747
3.9760000000000004        6.928203230275509        35.92                    69.60958051512631
3.894                     6.928203230275509        36.187                   70.3885392534485
3.89                      6.928203230275509        35.896                   69.65539016957862
3.88                      6.928203230275509        35.931                   69.75796129513621
4.151                     6.928203230275509        35.951                   69.07832996505968
3.836                     6.928203230275509        35.951                   69.86599937781523
4.175                     6.928203230275509        36.147                   69.45706490121265
3.875                     6.928203230275509        36.046                   70.05809492622687
4.074                     6.928203230275509        36.246                   70.09364869642005
4.109                     6.928203230275509        36.051                   69.48257170506845
3.925                     6.928203230275509        36.28                    70.57810340471302
3.8400000000000003        6.928203230275509        36.042                   70.09404227912452
4.089                     6.928203230275509        36.176                   69.86451090822071
4.129                     6.928203230275509        36.166                   69.68230233549714
3.9769999999999994        6.928203230275509        36.009                   69.8335381537071
4.069                     6.928203230275509        35.969                   69.43574585983455
3.802                     6.928203230275509        35.952                   69.91301621115912
4.072                     6.928203230275509        36.143                   69.85180459526882
4.083000000000001         6.928203230275509        36.153                   69.83255222477197
4.110000000000001         6.928203230275509        36.109                   69.61953408900028
3.9510000000000005        6.928203230275509        35.944                   69.70157898444138
4.056                     6.928203230275509        35.899                   69.31126372967951
4.117                     6.928203230275509        36.121                   69.62114969333678
4.025                     6.928203230275509        36.001                   69.68623411582483
3.805                     6.928203230275509        36.211                   70.57065292039282
3.903                     6.928203230275509        36.117                   70.20083082830268
3.884                     6.928203230275509        35.978                   69.87315932984976
4.115                     6.928203230275509        36.172                   69.75189520095732
3.82                      6.928203230275509        36.148                   70.39058677965245
3.873                     6.928203230275509        36.193                   70.43192409671975
3.921                     6.928203230275509        36.258                   70.5290381165934
3.866                     6.928203230275509        36.152                   70.33829933224972
4.15                      6.928203230275509        36.194                   69.66648818805703
3.823                     6.928203230275509        35.932                   69.83389585751708
4.065000000000001         6.928203230275509        36.171                   69.94786059279926
3.8870000000000005        6.928203230275509        36.032                   70.00684260601847
3.832                     6.928203230275509        36.155                   70.39193541807695
4.110000000000001         6.928203230275509        36.142                   69.69932659617041
4.044                     6.928203230275509        35.93000000000001        69.43490348357189
3.824                     6.928203230275509        35.987                   69.97429371681456
3.885                     6.928203230275509        36.064                   70.09065973346797
4.163                     6.928203230275509        36.104                   69.40123692297611
4.0920000000000005        6.928203230275509        35.9                     69.17664574295667
4.178                     6.928203230275509        36.118                   69.37656839373385
4.061                     6.928203230275509        35.943                   69.40195078303601
4.188                     6.928203230275509        35.955                   68.94850309873833
4.072                     6.928203230275509        35.886                   69.21778123140497
3.809                     6.928203230275509        36.088                   70.25295406182603
3.845                     6.928203230275509        35.941                   69.82859096548631
4.072                     6.928203230275509        36.18200000000001        69.94670941124693
3.839                     6.928203230275509        35.987                   69.95460851878963
4.048                     6.928203230275509        36.177                   70.03040698438653
4.096                     6.928203230275509        35.926                   69.22581806806322
4.147                     6.928203230275509        35.93000000000001        69.04229930740678
4.185                     6.928203230275509        36.014                   69.10154440114933
4.068                     6.928203230275509        36.063                   69.67170639773212
4.086                     6.928203230275509        36.199000000000005       69.93206483770726
4.179                     6.928203230275509        36.18000000000001        69.51959620456442
4.053                     6.928203230275509        35.991                   69.55224711432997
4.093                     6.928203230275509        36.23                    69.97882940424155
4.153                     6.928203230275509        36.274                   69.84398847306952
3.809                     6.928203230275509        36.128                   70.35483826238455
3.8510000000000004        6.928203230275509        36.094                   70.21175238187517
3.844                     6.928203230275509        36.249                   70.6120344503755
4.016000000000001         6.928203230275509        35.959                   69.61601934648762
4.012                     6.928203230275509        36.106                   69.99918189462551
4.005                     6.928203230275509        35.907                   69.52740354088911
4.146000000000001         6.928203230275509        35.944                   69.08020566824264
3.809                     6.928203230275509        35.992                   70.00694712433314
3.9830000000000005        6.928203230275509        35.979                   69.75035267658012
4.077                     6.928203230275509        35.88                    69.18382032899731
4.132                     6.928203230275509        35.92                    69.07448404859208
3.885                     6.928203230275509        35.906                   69.68740951924947
4.127                     6.928203230275509        36.033                   69.36922279840104
4.142                     6.928203230275509        36.165000000000006       69.62882313913468
3.9580000000000006        6.928203230275509        36.27                    70.50891887809146
3.993                     6.928203230275509        36.07200000000001        69.97152239679971
3.92                      6.928203230275509        36.144000000000005       70.24620119371119
4.029                     6.928203230275509        35.973                   69.6005964905636
4.16                      6.928203230275509        35.913000000000004       68.95195640355253
4                         6.928203230275509        36.047                   69.89964989324261
3.889                     6.928203230275509        35.931                   69.74650534140554
4.143                     6.928203230275509        35.971                   69.1573100827931
4.012                     6.928203230275509        36.09100000000001        69.96189611112361
4.113                     6.928203230275509        35.908                   69.11683515441362
3.883                     6.928203230275509        36.103                   70.19197134691358
3.829                     6.928203230275509        36.245                   70.62283553338823
4.008                     6.928203230275509        35.912                   69.52846959276614
4.037                     6.928203230275509        35.913000000000004       69.41919973009736
4.106                     6.928203230275509        36.263                   70.00583356062828
4.013                     6.928203230275509        36.209                   70.24978389265027
3.839                     6.928203230275509        36.08                    70.19221783743166
4.089                     6.928203230275509        35.989                   69.40806129828997
3.807                     6.928203230275509        35.895                   69.75883732361238
4.038                     6.928203230275509        35.937                   69.47556445463903
4.105                     6.928203230275509        35.98500000000001        69.33668744481703
3.864                     6.928203230275509        35.902                   69.70376514074441
3.825                     6.928203230275509        36.244                   70.62589430540852
3.907                     6.928203230275509        36.195                   70.39109401125505
3.864                     6.928203230275509        36.061                   70.11068656254375
3.999                     6.928203230275509        36.039                   69.8813148675396
4.039                     6.928203230275509        35.92                    69.42908218988661
4.011                     6.928203230275509        36.154                   70.12216845488071
3.979                     6.928203230275509        36.05500000000001        69.94668547622726
3.862                     6.928203230275509        36.104                   70.2224147231189
3.8960000000000004        6.928203230275509        35.887                   69.62470442474162
4.023                     6.928203230275509        35.993                   69.67403854198216
3.8490000000000006        6.928203230275509        35.999                   69.9722728984199
4.09                      6.928203230275509        36.104                   69.68577868117198
3.973                     6.928203230275509        36.031                   69.8939798032645
4.037                     6.928203230275509        35.926                   69.45183726197766
3.942                     6.928203230275509        36.079                   70.05432463513077
3.848                     6.928203230275509        35.915                   69.7577334834979
3.805                     6.928203230275509        36.093                   70.2711312796524
3.9189999999999996        6.928203230275509        36.222                   70.4423084974068
3.801                     6.928203230275509        36.105                   70.30717948523356
4.049                     6.928203230275509        36.19                    70.05816596654223
3.899                     6.928203230275509        36.049                   70.0343568341474
4.133                     6.928203230275509        35.997                   69.25869125467037
3.999                     6.928203230275509        36.064                   69.94392173611533
3.879                     6.928203230275509        36.007                   69.9536161438255
4.09                      6.928203230275509        35.977                   69.37465387252098
3.825                     6.928203230275509        36.202                   70.52021882641574
3.9659999999999997        6.928203230275509        35.971                   69.75133717200113
4.085                     6.928203230275509        35.97                    69.3766133936229
4.167                     6.928203230275509        35.922                   68.94757103513669
4.09                      6.928203230275509        36.081                   69.62970443390252
3.8490000000000006        6.928203230275509        35.935                   69.80798201874272
