% Model:              Untitled.mph
% Version:            COMSOL 6.1.0.357
% Date:               Jan 20 2025, 18:49
% Dimension:          3
% Nodes:              107
% Expressions:        1
% Description:        Potenziale elettrico
% Length unit:        mm
% x                       y                        z                        V (V)
-3.826                    6.928203230275509        42.445                   53.108386292467834
-4.091                    6.928203230275509        42.486                   53.07241217420376
-3.826                    6.928203230275509        42.539                   53.324725702377336
-3.987                    6.928203230275509        42.559                   53.28010863307566
-4.126                    6.928203230275509        42.461                   53.00285150785486
-3.93                     6.928203230275509        42.641                   53.503667076297255
-4.154                    6.928203230275509        42.631                   53.38266062773194
-4.156                    6.928203230275509        42.671                   53.47429513460839
-4.13                     6.928203230275509        42.723                   53.604401758395944
-3.98                     6.928203230275509        42.681                   53.567269468666034
-3.83                     6.928203230275509        42.58500000000001        53.42901051656399
-4.110000000000001        6.928203230275509        42.419                   52.91285868716251
-4.142                    6.928203230275509        42.65                    53.43091589835454
-4.168                    6.928203230275509        42.555                   53.202764062050036
-4.047                    6.928203230275509        42.448                   53.00117870409933
-3.836                    6.928203230275509        42.701                   53.695846852300214
-3.9430000000000005       6.928203230275509        42.69                    53.610555729407
-4.076                    6.928203230275509        42.47                    53.04116887226166
-4.164000000000001        6.928203230275509        42.739                   53.62891090930481
-3.902                    6.928203230275509        42.551                   53.31065812528008
-4.17                     6.928203230275509        42.67400000000001        53.47606070098115
-4.093                    6.928203230275509        42.708                   53.583249892370695
-4.128000000000001        6.928203230275509        42.709                   53.57265038031041
-4.111                    6.928203230275509        42.708                   53.57661215182716
-3.9560000000000004       6.928203230275509        42.636                   53.47705862713008
-3.9090000000000003       6.928203230275509        42.488                   53.16135038150623
-3.827                    6.928203230275509        42.575                   53.40745410532812
-3.997                    6.928203230275509        42.687                   53.57039655966908
-3.9880000000000004       6.928203230275509        42.468                   53.06955675611679
-4.105                    6.928203230275509        42.671                   53.49305797941715
-3.893                    6.928203230275509        42.618                   53.47105341668448
-3.829                    6.928203230275509        42.492                   53.214745503868386
-3.9900000000000007       6.928203230275509        42.764                   53.75422844767747
-3.826                    6.928203230275509        42.688                   53.67083680363551
-3.952                    6.928203230275509        42.498                   53.15973613339552
-4.119000000000001        6.928203230275509        42.5                     53.09444251649432
-4.110000000000001        6.928203230275509        42.44100000000001        52.962943287623936
-4.024                    6.928203230275509        42.508                   53.146605499791775
-4.051                    6.928203230275509        42.595                   53.33707400826074
-3.829                    6.928203230275509        42.49400000000001        53.21934889138674
-3.934                    6.928203230275509        42.612                   53.43391149305576
-4.017                    6.928203230275509        42.732                   53.66699106184071
-3.9580000000000006       6.928203230275509        42.49600000000001        53.151639191287025
-4.153                    6.928203230275509        42.602000000000004       53.31621202680437
-3.864                    6.928203230275509        42.716                   53.71572989176825
-3.915                    6.928203230275509        42.573                   53.35424251394843
-4.002                    6.928203230275509        42.48                    53.089404539598505
-4.087                    6.928203230275509        42.69                    53.54368951859815
-4.13                     6.928203230275509        42.551                   53.20734638896078
-4.024                    6.928203230275509        42.684                   53.552801528624975
-4.174                    6.928203230275509        42.497                   53.06784310685861
-3.9700000000000006       6.928203230275509        42.711                   53.64334581863114
-3.95                     6.928203230275509        42.552                   53.285571315392815
-4.088                    6.928203230275509        42.684                   53.5294106514776
-3.8420000000000005       6.928203230275509        42.766                   53.84766967095112
-3.837                    6.928203230275509        42.663                   53.606574150004484
-3.999                    6.928203230275509        42.429                   52.97346620672707
-4.098                    6.928203230275509        42.44                    52.9649164533714
-3.9490000000000003       6.928203230275509        42.486                   53.133840438267704
-3.9050000000000002       6.928203230275509        42.605                   53.43411823507127
-3.9440000000000004       6.928203230275509        42.694                   53.61933340818288
-4.108                    6.928203230275509        42.629                   53.394865017354064
-3.9560000000000004       6.928203230275509        42.532000000000004       53.23585312332595
-4.075                    6.928203230275509        42.59                    53.31689177779923
-4.14                     6.928203230275509        42.644                   53.4177934420919
-4.152                    6.928203230275509        42.745                   53.64732699817355
-4.109                    6.928203230275509        42.73                    53.628444204094336
-4.172                    6.928203230275509        42.658                   53.43835077651117
-4.056                    6.928203230275509        42.617                   53.38604251175046
-4.053                    6.928203230275509        42.681                   53.53526434081618
-4.04                     6.928203230275509        42.538                   53.20979374691781
-4.061                    6.928203230275509        42.652                   53.46515065914932
-4.155000000000001        6.928203230275509        42.726                   53.60208129021041
-4.138                    6.928203230275509        42.666                   53.46936514891869
-3.9360000000000004       6.928203230275509        42.734                   53.71760263590537
-3.947                    6.928203230275509        42.592                   53.37998907063773
-4.139                    6.928203230275509        42.484                   53.050712015972714
-4.06                     6.928203230275509        42.563                   53.26012373033085
-3.915                    6.928203230275509        42.558                   53.319509958719244
-4.098                    6.928203230275509        42.623000000000005       53.38465777650144
-3.85                     6.928203230275509        42.643                   53.55292747303073
-4.1                      6.928203230275509        42.63                    53.400089469655846
-4.045                    6.928203230275509        42.567                   53.274710169787575
-3.8580000000000005       6.928203230275509        42.703                   53.688588988673445
-3.979                    6.928203230275509        42.532000000000004       53.22238786748756
-4.001                    6.928203230275509        42.729000000000006       53.66585911821361
-3.856                    6.928203230275509        42.747                   53.793791859830996
-4.005                    6.928203230275509        42.558                   53.268281297813665
-4.02                     6.928203230275509        42.577                   53.306703466888074
-4.172                    6.928203230275509        42.657000000000004       53.436041456235834
-3.9430000000000005       6.928203230275509        42.521                   53.217983580631405
-4.0920000000000005       6.928203230275509        42.662                   53.476986384220105
-3.9909999999999997       6.928203230275509        42.523                   53.194500777889964
-4.013                    6.928203230275509        42.651                   53.48025223141341
-4.009                    6.928203230275509        42.659000000000006       53.50024345556783
-4.037                    6.928203230275509        42.575                   53.29600341123688
-4.003                    6.928203230275509        42.551                   53.25287551124783
-3.968                    6.928203230275509        42.659000000000006       53.52367725805851
-4.081                    6.928203230275509        42.493                   53.09198608333995
-4.037                    6.928203230275509        42.526                   53.183296757358676
-3.972                    6.928203230275509        42.547                   53.26118014056628
-4.01                     6.928203230275509        42.528                   53.19748913764255
-3.933                    6.928203230275509        42.596                   53.39732378921116
-4.005                    6.928203230275509        42.434                   52.98281170845473
-3.9980000000000007       6.928203230275509        42.618                   53.40981421186775
-4.044                    6.928203230275509        42.659000000000006       53.487544050576574
-4.003                    6.928203230275509        42.42                    52.95133553488442
