% Model:              Untitled.mph
% Version:            COMSOL 6.1.0.357
% Date:               Jan 20 2025, 18:48
% Dimension:          3
% Nodes:              142
% Expressions:        1
% Description:        Potenziale elettrico
% Length unit:        mm
% x                       y                        z                        V (V)
-4.195                    6.928203230275509        32.985                   51.6604991167525
-4.014                    6.928203230275509        32.779                   51.49433520917488
-3.98                     6.928203230275509        32.715                   51.411682141244555
-3.9260000000000006       6.928203230275509        32.902                   51.81685160231176
-3.857                    6.928203230275509        32.766                   51.631155505601015
-3.999                    6.928203230275509        32.951                   51.83464764160804
-4.099                    6.928203230275509        32.95                    51.7116433760241
-4.19                     6.928203230275509        33.076                   51.83545349513597
-3.972                    6.928203230275509        32.834                   51.642327157012524
-4.126                    6.928203230275509        32.885                   51.558204791097985
-4.1370000000000005       6.928203230275509        32.756                   51.30655210123726
-4.124                    6.928203230275509        32.764                   51.33659237185135
-3.968                    6.928203230275509        32.864                   51.70268069937477
-4.061                    6.928203230275509        32.746                   51.377398084721804
-4.138                    6.928203230275509        32.885                   51.54384169123346
-3.925                    6.928203230275509        33.09                    52.17323113447864
-4.017                    6.928203230275509        32.784                   51.50011209440796
-4.046                    6.928203230275509        32.944                   51.764611783998326
-3.854                    6.928203230275509        32.99                    52.056381426472406
-3.868                    6.928203230275509        32.794                   51.67260213025991
-4.175                    6.928203230275509        32.873                   51.47744713797763
-4.111                    6.928203230275509        33.048                   51.880118698663715
-4.09                     6.928203230275509        32.717                   51.289645744113166
-4.074                    6.928203230275509        32.784                   51.4326044418171
-4.198                    6.928203230275509        32.772000000000006       51.26436875362047
-3.8690000000000007       6.928203230275509        33.069                   52.19084728591423
-4.033                    6.928203230275509        32.884                   51.667926654777844
-3.865                    6.928203230275509        32.868                   51.81479076087559
-4.06                     6.928203230275509        32.758                   51.40085535353619
-3.8220000000000005       6.928203230275509        33.109                   52.31513923724606
-4.164000000000001        6.928203230275509        32.999                   51.72406078527719
-4.082                    6.928203230275509        32.999                   51.82387141594694
-3.91                     6.928203230275509        32.849                   51.733407033027255
-3.829                    6.928203230275509        32.937                   51.981560802862646
-3.9119999999999995       6.928203230275509        32.832                   51.69944050789935
-4.107                    6.928203230275509        32.79                    51.40471295620167
-4.013                    6.928203230275509        32.734                   51.41158634834738
-3.9630000000000005       6.928203230275509        33.021                   52.00355392074449
-4.148                    6.928203230275509        33.062                   51.86089528732994
-4.188                    6.928203230275509        32.862                   51.441672131194586
-4.125                    6.928203230275509        33.064                   51.89286398335613
-3.941                    6.928203230275509        33.063                   52.10560194282551
-3.922                    6.928203230275509        32.921                   51.85671291669047
-3.828                    6.928203230275509        33.044                   52.18535676067138
-3.817                    6.928203230275509        32.898                   51.92005185746341
-3.9430000000000005       6.928203230275509        32.801                   51.6098792774164
-3.857                    6.928203230275509        32.919                   51.91908190271714
-4.17                     6.928203230275509        32.782                   51.31564556393332
-4.182                    6.928203230275509        32.975                   51.657706955262846
-3.85                     6.928203230275509        32.977                   52.03584985499076
-3.9830000000000005       6.928203230275509        32.951                   51.85100208704051
-4.198                    6.928203230275509        32.782                   51.28271614620071
-3.93                     6.928203230275509        32.736000000000004       51.50135760515339
-3.872                    6.928203230275509        32.734                   51.556069623274816
-4.07                     6.928203230275509        32.972                   51.78793073832437
-4.09                     6.928203230275509        32.977                   51.77297575353547
-3.9560000000000004       6.928203230275509        32.978                   51.92950725870061
-4.172                    6.928203230275509        32.952000000000005       51.627166203438
-4.15                     6.928203230275509        33.029                   51.79692466625772
-4.122                    6.928203230275509        33.026                   51.82552818362012
-3.801                    6.928203230275509        32.72                    51.60121159338716
-3.9780000000000006       6.928203230275509        33.092                   52.122521574072266
-4.059                    6.928203230275509        33.015                   51.88196707873523
-3.954                    6.928203230275509        33.068                   52.10172479910668
-4.133                    6.928203230275509        32.84400000000001        51.47385713391683
-3.979                    6.928203230275509        32.93500000000001        51.824958053131816
-3.9810000000000003       6.928203230275509        32.931                   51.81538679130409
-4.163                    6.928203230275509        33.092                   51.89843327131589
-4.048                    6.928203230275509        32.773                   51.4429052362872
-3.94                     6.928203230275509        33.106                   52.18817285435962
-4.184                    6.928203230275509        33.096000000000004       51.880043503163776
-3.9380000000000006       6.928203230275509        32.905                   51.81028490797426
-3.9490000000000003       6.928203230275509        33.095                   52.158043457026324
-3.891                    6.928203230275509        32.897                   51.84302790008938
-3.808                    6.928203230275509        32.75500000000001        51.65985750636529
-4.02                     6.928203230275509        33.098                   52.08640070399768
-4.082                    6.928203230275509        32.945                   51.722881998829614
-3.832                    6.928203230275509        32.882000000000005       51.87464017092946
-4.164000000000001        6.928203230275509        32.849                   51.446232866757725
-4.008                    6.928203230275509        33.105                   52.1145400792392
-3.809                    6.928203230275509        32.898                   51.92816670739369
-4.086                    6.928203230275509        32.871                   51.580072353393774
-3.8690000000000007       6.928203230275509        32.946                   51.95786392936154
-3.821                    6.928203230275509        33.083                   52.26666649414082
-3.922                    6.928203230275509        32.861                   51.74378505054413
-4.12                     6.928203230275509        32.872                   51.54125838645659
-4.095                    6.928203230275509        32.73800000000001        51.32261814517359
-4.034000000000001        6.928203230275509        32.858                   51.61808972252323
-3.8310000000000004       6.928203230275509        32.776                   51.67613353152913
-3.811                    6.928203230275509        32.813                   51.76587164069866
-3.914                    6.928203230275509        32.944                   51.90823402984851
-3.9                      6.928203230275509        32.989                   52.007521042440935
-4.033                    6.928203230275509        32.913                   51.72224061695522
-3.962                    6.928203230275509        33.006                   51.97623427170432
-4.103                    6.928203230275509        32.839                   51.50029448073194
-3.843                    6.928203230275509        33.029                   52.141541133367305
-3.965                    6.928203230275509        32.761                   51.512741813978366
-3.995                    6.928203230275509        32.831                   51.61334094294232
-4.065000000000001        6.928203230275509        32.855                   51.57539196030009
-4.019                    6.928203230275509        33.075                   52.04416864896744
-3.973                    6.928203230275509        32.76                    51.50278006047985
-3.9569999999999994       6.928203230275509        33.03                    52.026720808834654
-3.9890000000000003       6.928203230275509        32.932                   51.809101112806744
-4.153                    6.928203230275509        33.089                   51.905144664814586
-4.019                    6.928203230275509        33.107                   52.10466321469061
-4.021                    6.928203230275509        32.98800000000001        51.87766360763845
-3.9459999999999997       6.928203230275509        32.995                   51.97183306438333
-4.118                    6.928203230275509        32.85                    51.50283466596187
-3.9290000000000003       6.928203230275509        32.82                    51.659687953407875
-3.952                    6.928203230275509        32.882000000000005       51.75277129627758
-3.8040000000000003       6.928203230275509        33.022                   52.1681062477111
-3.895                    6.928203230275509        32.75500000000001        51.572217901380064
-4.184                    6.928203230275509        32.766                   51.26978425676421
-3.9839999999999995       6.928203230275509        32.745                   51.46362984162105
-4.09                     6.928203230275509        32.93300000000001        51.69080791364835
-3.947                    6.928203230275509        33.078                   52.12786555065343
-3.904                    6.928203230275509        32.905                   51.8448842536009
-3.9230000000000005       6.928203230275509        32.888                   51.7935508175383
-3.876                    6.928203230275509        32.876                   51.81869998837828
-4.111                    6.928203230275509        33.022                   51.83149614352021
-3.979                    6.928203230275509        33.042                   52.026844516629176
-3.889                    6.928203230275509        32.884                   51.82057009299919
-3.843                    6.928203230275509        33.026                   52.13584955260432
-4.167                    6.928203230275509        32.966                   51.6591598396609
-3.9189999999999996       6.928203230275509        33.099                   52.19648115674348
-4.094                    6.928203230275509        32.803                   51.44418829444041
-4.041                    6.928203230275509        32.974                   51.826960737347505
-4.1370000000000005       6.928203230275509        32.832                   51.44689728590538
-4.166                    6.928203230275509        32.911                   51.5584549386207
-4.047                    6.928203230275509        33.108                   52.07179992746712
-4.043                    6.928203230275509        32.888                   51.66338622051454
-4.192                    6.928203230275509        32.763                   51.25489551075335
-3.816                    6.928203230275509        32.799                   51.734485665439735
-3.9880000000000004       6.928203230275509        33.057                   52.04597169880592
-4.043                    6.928203230275509        32.859                   51.60917954948851
-3.888                    6.928203230275509        32.975                   51.993302514256975
-3.9260000000000006       6.928203230275509        32.835                   51.69088165891702
-4.1370000000000005       6.928203230275509        32.927                   51.6229672390168
-3.8220000000000005       6.928203230275509        32.743                   51.62325205778768
-3.9830000000000005       6.928203230275509        32.785                   51.53940170171112
-3.85                     6.928203230275509        32.77400000000001        51.65322410689453
-4.117                    6.928203230275509        32.972                   51.730862305777656
