% Model:              Untitled.mph
% Version:            COMSOL 6.1.0.357
% Date:               Jan 20 2025, 18:49
% Dimension:          3
% Nodes:              142
% Expressions:        1
% Description:        Potenziale elettrico
% Length unit:        mm
% x                       y                        z                        V (V)
-3.999                    6.928203230275509        40.495                   53.46619016463722
-4.184                    6.928203230275509        40.462                   53.27471960086975
-3.9260000000000006       6.928203230275509        40.119                   52.647098104550324
-4.039                    6.928203230275509        40.349                   53.098806599531734
-3.855                    6.928203230275509        40.184                   52.849189738343014
-4.035                    6.928203230275509        40.46900000000001        53.38271193361314
-4.169                    6.928203230275509        40.291000000000004       52.88598015088283
-4.166                    6.928203230275509        40.448                   53.25297714677295
-4.162                    6.928203230275509        40.34                    53.00363496124205
-4.037                    6.928203230275509        40.455                   53.34849446676925
-4.129                    6.928203230275509        40.436                   53.24765360628473
-4.088                    6.928203230275509        40.21                    52.747790068586376
-4.1                      6.928203230275509        40.343                   53.04816855090839
-3.843                    6.928203230275509        40.373                   53.29706102811559
-4.098                    6.928203230275509        40.146                   52.59526256199816
-3.8600000000000003       6.928203230275509        40.18                    52.83630085532535
-3.927                    6.928203230275509        40.242                   52.92935356192669
-3.9960000000000004       6.928203230275509        40.487                   53.44959983588225
-3.9839999999999995       6.928203230275509        40.419                   53.298556482810454
-3.9430000000000005       6.928203230275509        40.134                   52.668557020560264
-4.119000000000001        6.928203230275509        40.134                   52.55556742060138
-4.095                    6.928203230275509        40.306000000000004       52.96524951840219
-4.005                    6.928203230275509        40.294                   52.99097309618321
-3.9189999999999996       6.928203230275509        40.486000000000004       53.506456533698895
-4.16                     6.928203230275509        40.231                   52.75322330637647
-4.164000000000001        6.928203230275509        40.125                   52.50860626643033
-3.9710000000000005       6.928203230275509        40.37800000000001        53.21238783383377
-3.9389999999999996       6.928203230275509        40.335                   53.136373574237595
-4.047                    6.928203230275509        40.299                   52.977682262921405
-4.127                    6.928203230275509        40.214                   52.73386965373345
-4.1370000000000005       6.928203230275509        40.117                   52.50629702154956
-3.864                    6.928203230275509        40.453                   53.46970616174056
-3.854                    6.928203230275509        40.133                   52.732768632317494
-4.07                     6.928203230275509        40.217000000000006       52.77451566892337
-4.163                    6.928203230275509        40.331                   52.98215573054105
-3.818                    6.928203230275509        40.132                   52.75672647016796
-3.867                    6.928203230275509        40.437                   53.4297432658275
-4.081                    6.928203230275509        40.449                   53.307563868386765
-3.8400000000000003       6.928203230275509        40.243                   52.99643003946309
-3.829                    6.928203230275509        40.417                   53.41064477920006
-4.121                    6.928203230275509        40.11                    52.499749273773546
-3.843                    6.928203230275509        40.483                   53.556134885676
-4.071                    6.928203230275509        40.172                   52.67057104526292
-4.055                    6.928203230275509        40.437                   53.29520309746947
-3.945                    6.928203230275509        40.104                   52.59841223596588
-4.047                    6.928203230275509        40.146                   52.62503638112611
-3.925                    6.928203230275509        40.373                   53.23585928824895
-4.186                    6.928203230275509        40.405                   53.140127949405
-4.088                    6.928203230275509        40.376                   53.132315207124776
-3.817                    6.928203230275509        40.242                   53.010872268898744
-4.19                     6.928203230275509        40.408                   53.14465838476943
-3.9360000000000004       6.928203230275509        40.431000000000004       53.363704575726
-3.9310000000000005       6.928203230275509        40.367                   53.21725601163864
-3.892                    6.928203230275509        40.384                   53.28650407443656
-4.031                    6.928203230275509        40.467000000000006       53.38042853041007
-4.037                    6.928203230275509        40.129                   52.59196046809433
-4.13                     6.928203230275509        40.307                   52.94652323415446
-4.117                    6.928203230275509        40.347                   53.04719917101956
-3.855                    6.928203230275509        40.247                   52.994682488535
-4.167                    6.928203230275509        40.437                   53.2266015778221
-4.043                    6.928203230275509        40.492                   53.43213190331844
-3.9230000000000005       6.928203230275509        40.48800000000001        53.50815576565845
-4.177                    6.928203230275509        40.334                   52.98059116917375
-4.069                    6.928203230275509        40.46900000000001        53.36196333301389
-3.884                    6.928203230275509        40.456                   53.461894589923446
-3.821                    6.928203230275509        40.25                    53.026500325988806
-4.069                    6.928203230275509        40.29                    52.943706462776476
-3.9580000000000006       6.928203230275509        40.438                   53.363352505035046
-4.095                    6.928203230275509        40.115                   52.52631069678802
-3.948                    6.928203230275509        40.445                   53.38752048944959
-3.863                    6.928203230275509        40.26                    53.01891030878277
-3.895                    6.928203230275509        40.392                   53.30302343910417
-3.954                    6.928203230275509        40.476                   53.45610002826518
-4.106                    6.928203230275509        40.474                   53.35103678826995
-4.135                    6.928203230275509        40.485                   53.35906858267349
-3.803                    6.928203230275509        40.393                   53.37314219694806
-4.184                    6.928203230275509        40.169                   52.59696939914
-3.8220000000000005       6.928203230275509        40.39500000000001        53.36403932788298
-4.068                    6.928203230275509        40.11                    52.53062381016378
-3.895                    6.928203230275509        40.35                    53.2046496997805
-3.873                    6.928203230275509        40.239                   52.96286321251226
-4.110000000000001        6.928203230275509        40.358                   53.07703306100753
-3.9189999999999996       6.928203230275509        40.465                   53.456805608094136
-3.897                    6.928203230275509        40.172                   52.790441993787
-4.088                    6.928203230275509        40.20000000000001        52.724814661521066
-3.829                    6.928203230275509        40.464                   53.52147585517425
-3.8980000000000006       6.928203230275509        40.41400000000001        53.35245214170304
-3.846                    6.928203230275509        40.218                   52.934214589752024
-3.8960000000000004       6.928203230275509        40.222                   52.906432267544524
-4.196                    6.928203230275509        40.49                    53.33314846057915
-3.9810000000000003       6.928203230275509        40.242                   52.888052349580065
-3.802                    6.928203230275509        40.394                   53.37621406953708
-4.048                    6.928203230275509        40.233                   52.82435541206863
-3.975                    6.928203230275509        40.497                   53.48959342018983
-4.094                    6.928203230275509        40.28                    52.90563597782992
-4.138                    6.928203230275509        40.35                    53.04144374260552
-3.9610000000000003       6.928203230275509        40.423                   53.325733901686654
-4.037                    6.928203230275509        40.381                   53.17476582574121
-3.828                    6.928203230275509        40.21500000000001        52.940436647316844
-4.078                    6.928203230275509        40.315                   52.99632148744166
-4.047                    6.928203230275509        40.208                   52.767333514342184
-4.088                    6.928203230275509        40.442                   53.286840889374666
-3.907                    6.928203230275509        40.428                   53.37862117815747
-3.868                    6.928203230275509        40.227                   52.938810307202324
-3.995                    6.928203230275509        40.39                    53.22190951782375
-4.01                     6.928203230275509        40.114                   52.573272801014035
-3.844                    6.928203230275509        40.106                   52.678295959926714
-4.076                    6.928203230275509        40.389                   53.16994828121392
-3.954                    6.928203230275509        40.319                   53.08760366382016
-4.192                    6.928203230275509        40.151                   52.55118583556863
-4.138                    6.928203230275509        40.418                   53.19999023314798
-3.93                     6.928203230275509        40.458                   53.43192531381869
-4.013                    6.928203230275509        40.465                   53.38664322816154
-4.064                    6.928203230275509        40.428                   53.26859424764967
-4.145                    6.928203230275509        40.306000000000004       52.93515764139795
-4.199                    6.928203230275509        40.437                   53.20681743655903
-3.992                    6.928203230275509        40.408                   53.26648925092835
-3.906                    6.928203230275509        40.452000000000005       53.43594013699231
-4.02                     6.928203230275509        40.408                   53.248266491666485
-3.836                    6.928203230275509        40.302                   53.13634877644849
-3.9659999999999997       6.928203230275509        40.156                   52.70143598981113
-3.8490000000000006       6.928203230275509        40.468                   53.51623236794658
-4.012                    6.928203230275509        40.229                   52.836275280589795
-4.129                    6.928203230275509        40.341                   53.02598840337199
-4.079                    6.928203230275509        40.192                   52.71174862313282
-3.933                    6.928203230275509        40.474                   53.4674352586983
-4.063                    6.928203230275509        40.132                   52.58372163091492
-4.021                    6.928203230275509        40.487                   53.43374166125688
-3.9490000000000003       6.928203230275509        40.321                   53.096090366116265
-3.855                    6.928203230275509        40.34400000000001        53.22036154841149
-4.174                    6.928203230275509        40.42                    53.1825330830219
-4.194                    6.928203230275509        40.236000000000004       52.74429085890372
-3.954                    6.928203230275509        40.136                   52.66475877754705
-3.848                    6.928203230275509        40.199                   52.888895421951794
-3.98                     6.928203230275509        40.37                    53.186697895208994
-4.081                    6.928203230275509        40.348                   53.071258447422366
-3.9110000000000005       6.928203230275509        40.38000000000001        53.262847509896886
-3.9389999999999996       6.928203230275509        40.464                   53.43923233591963
-3.972                    6.928203230275509        40.143                   52.66700983703667
-4.19                     6.928203230275509        40.177                   52.61165017365307
-3.925                    6.928203230275509        40.32                    53.1120217473478
-4.02                     6.928203230275509        40.316                   53.033248087095615
