% Model:              Untitled.mph
% Version:            COMSOL 6.1.0.357
% Date:               Jan 20 2025, 18:49
% Dimension:          3
% Nodes:              200
% Expressions:        1
% Description:        Potenziale elettrico
% Length unit:        mm
% x                       y                        z                        V (V)
-3.85                     6.928203230275509        20.3                     49.899380596857206
-3.999                    6.928203230275509        20.268                   49.72460248436099
-3.9610000000000003       6.928203230275509        20.359                   49.90084933452662
-3.853                    6.928203230275509        20.358                   49.989126367766275
-4.081                    6.928203230275509        20.302                   49.716943425464905
-4.223                    6.928203230275509        20.174                   49.41212715067344
-3.811                    6.928203230275509        20.323                   49.96778109665916
-3.762                    6.928203230275509        20.531000000000002       50.34124681152811
-4.066                    6.928203230275509        20.575                   50.16266535793533
-3.807                    6.928203230275509        20.387000000000004       50.07307841433606
-4.12                     6.928203230275509        20.41                    49.85789120211173
-4.066                    6.928203230275509        20.344                   49.79442095826962
-4.212                    6.928203230275509        20.5                     49.92973470881602
-4.208                    6.928203230275509        20.136000000000003       49.36461580356625
-4.081                    6.928203230275509        20.537                   50.09002330538553
-3.779                    6.928203230275509        20.334                   50.01125961171138
-4.181                    6.928203230275509        20.423000000000002       49.831909661741
-3.82                     6.928203230275509        20.24                    49.82889100665801
-4.207                    6.928203230275509        20.299                   49.61781229228529
-4.034000000000001        6.928203230275509        20.144                   49.50422236713301
-4.234                    6.928203230275509        20.132                   49.339425295965164
-3.894                    6.928203230275509        20.374                   49.98074534267526
-3.899                    6.928203230275509        20.568                   50.28810458312954
-3.93                     6.928203230275509        20.541                   50.218474236377446
-4.17                     6.928203230275509        20.232                   49.54112556609261
-3.941                    6.928203230275509        20.384                   49.95746057281671
-4.143                    6.928203230275509        20.572                   50.09785881734178
-4.152                    6.928203230275509        20.491                   49.96178083295097
-4.12                     6.928203230275509        20.253                   49.61101204064872
-4.131                    6.928203230275509        20.308                   49.688906435385526
-4.011                    6.928203230275509        20.260000000000005       49.70298791593268
-3.935                    6.928203230275509        20.213                   49.69169095447321
-4.035                    6.928203230275509        20.323                   49.784522071124606
-4.004                    6.928203230275509        20.317                   49.79825367186391
-4.03                     6.928203230275509        20.562                   50.169732739259416
-4.188                    6.928203230275509        20.536                   50.00543748827373
-3.987                    6.928203230275509        20.489                   50.08657371539456
-3.8490000000000006       6.928203230275509        20.225000000000005       49.78156738108562
-4.04                     6.928203230275509        20.498                   50.05920644132981
-3.836                    6.928203230275509        20.254                   49.837984018628894
-3.823                    6.928203230275509        20.418                   50.109598928950696
-4.037                    6.928203230275509        20.298000000000002       49.74354294057928
-4.214                    6.928203230275509        20.204                   49.46509633177506
-4.188                    6.928203230275509        20.468                   49.89760899034103
-4.018                    6.928203230275509        20.578                   50.204856152404304
-3.9360000000000004       6.928203230275509        20.509                   50.161862160914445
-3.9960000000000004       6.928203230275509        20.32                    49.80937508634547
-4.079                    6.928203230275509        20.385                   49.84945719106754
-3.876                    6.928203230275509        20.548000000000002       50.2749649122504
-3.9119999999999995       6.928203230275509        20.513000000000005       50.188450127699205
-3.769                    6.928203230275509        20.355                   50.05282400238032
-3.83                     6.928203230275509        20.474                   50.193728433668035
-4.082                    6.928203230275509        20.446                   49.94398961217373
-3.9490000000000003       6.928203230275509        20.402                   49.97944898253947
-3.9659999999999997       6.928203230275509        20.606                   50.29313002296682
-3.8310000000000004       6.928203230275509        20.434                   50.12867672386535
-3.9630000000000005       6.928203230275509        20.21                    49.66357559665045
-3.788                    6.928203230275509        20.443                   50.17827525948637
-4.015                    6.928203230275509        20.132                   49.49935902189403
-4.072                    6.928203230275509        20.127                   49.45005736280723
-4.125                    6.928203230275509        20.601                   50.15837948260577
-3.941                    6.928203230275509        20.558                   50.2366476603462
-3.889                    6.928203230275509        20.54                    50.251211365688725
-3.994                    6.928203230275509        20.526                   50.1400959828157
-4.093                    6.928203230275509        20.436                   49.919690335119355
-4.207                    6.928203230275509        20.6                     50.09254508956785
-3.823                    6.928203230275509        20.328                   49.96595048609853
-4.101000000000001        6.928203230275509        20.592                   50.162694302200514
-3.92                     6.928203230275509        20.202                   49.68686303587927
-3.883                    6.928203230275509        20.211                   49.73160849160781
-4.123                    6.928203230275509        20.198                   49.523024712545194
-3.9050000000000002       6.928203230275509        20.312                   49.87302708343863
-4.138                    6.928203230275509        20.507                   49.998025884836046
-3.756                    6.928203230275509        20.161                   49.75597230395097
-3.816                    6.928203230275509        20.243000000000002       49.836882521995896
-4.073                    6.928203230275509        20.135000000000005       49.46175457872674
-4.045                    6.928203230275509        20.405000000000005       49.9069774313152
-3.888                    6.928203230275509        20.401                   50.02881159162369
-3.9859999999999998       6.928203230275509        20.56                    50.20172120232258
-3.845                    6.928203230275509        20.379                   50.029192649022896
-4.101000000000001        6.928203230275509        20.223                   49.5782435321527
-4.18                     6.928203230275509        20.388                   49.77755468658278
-3.9                      6.928203230275509        20.576                   50.30021201484618
-3.85                     6.928203230275509        20.453                   50.14351857375325
-3.771                    6.928203230275509        20.237                   49.86377830200196
-3.793                    6.928203230275509        20.613                   50.448922609163965
-3.812                    6.928203230275509        20.541                   50.3165635546339
-4.067                    6.928203230275509        20.551                   50.12332699783779
-4.164000000000001        6.928203230275509        20.219                   49.52536904273688
-3.846                    6.928203230275509        20.354                   49.98850641082131
-4.240000000000001        6.928203230275509        20.442                   49.81666744991125
-4.082                    6.928203230275509        20.342                   49.77921732335227
-3.9960000000000004       6.928203230275509        20.25                    49.698753203096935
-3.781                    6.928203230275509        20.129                   49.685706588629905
-4.244                    6.928203230275509        20.399                   49.74610961030872
-4.165                    6.928203230275509        20.405000000000005       49.81573306329118
-4.121                    6.928203230275509        20.258                   49.61808376128136
-4.245                    6.928203230275509        20.511                   49.92159292088191
-3.814                    6.928203230275509        20.428                   50.13299004116142
-4.136                    6.928203230275509        20.413                   49.85045057848982
-4.048                    6.928203230275509        20.456                   49.98592232831956
-3.846                    6.928203230275509        20.441000000000003       50.127563970895025
-4.213000000000001        6.928203230275509        20.159                   49.39636557359146
-3.787                    6.928203230275509        20.181                   49.76256001255068
-3.841                    6.928203230275509        20.364                   50.00854817391207
-4.163                    6.928203230275509        20.614                   50.14944406340702
-4.086                    6.928203230275509        20.513000000000005       50.04775235977954
-3.9389999999999996       6.928203230275509        20.445                   50.05659659471386
-4.177                    6.928203230275509        20.615                   50.14005577290603
-4.04                     6.928203230275509        20.368000000000002       49.85201272699101
-4.027                    6.928203230275509        20.149                   49.5171321539433
-3.899                    6.928203230275509        20.24                    49.7641079216747
-3.973                    6.928203230275509        20.313                   49.81772351884585
-3.999                    6.928203230275509        20.615                   50.279574207892075
-4.002                    6.928203230275509        20.285                   49.74912921187238
-4.19                     6.928203230275509        20.545                   50.01819602920558
-3.9459999999999997       6.928203230275509        20.449                   50.05711578125842
-3.798                    6.928203230275509        20.144                   49.69555654491091
-3.7750000000000004       6.928203230275509        20.306                   49.96994152773102
-4.177                    6.928203230275509        20.342                   49.707604574484364
-3.906                    6.928203230275509        20.521                   50.20636090255135
-4.148                    6.928203230275509        20.545                   50.05083899606515
-4.023                    6.928203230275509        20.263                   49.69880270608324
-3.868                    6.928203230275509        20.167                   49.674761129068074
-3.7570000000000006       6.928203230275509        20.21                    49.8323649728251
-4.028                    6.928203230275509        20.543                   50.140700725525264
-3.928                    6.928203230275509        20.427                   50.03701803229077
-4.22                     6.928203230275509        20.474                   49.882461855257624
-3.892                    6.928203230275509        20.525                   50.22450601521052
-4.002                    6.928203230275509        20.248                   49.69075391469954
-3.854                    6.928203230275509        20.221                   49.771169571807945
-3.876                    6.928203230275509        20.29                    49.862147066786406
-4.08                     6.928203230275509        20.59                    50.17587710014022
-4.041                    6.928203230275509        20.448                   49.9785084480026
-4.225                    6.928203230275509        20.358                   49.696363980261594
-4.089                    6.928203230275509        20.215                   49.574624411368596
-3.8780000000000006       6.928203230275509        20.407                   50.04669122066271
-3.972                    6.928203230275509        20.537                   50.17652929177982
-3.982                    6.928203230275509        20.512000000000004       50.12778373560155
-3.805                    6.928203230275509        20.354                   50.02202903952497
-4.036                    6.928203230275509        20.32                    49.779030321677766
-4.076                    6.928203230275509        20.374                   49.8343142793355
-3.9230000000000005       6.928203230275509        20.424                   50.036406456980224
-3.8                      6.928203230275509        20.15                    49.70335931895105
-4.208                    6.928203230275509        20.168                   49.41391984074711
-4.203                    6.928203230275509        20.163                   49.40988446520749
-3.809                    6.928203230275509        20.4                     50.09223463398071
-4.069                    6.928203230275509        20.509                   50.054474117035355
-4.236                    6.928203230275509        20.159                   49.379455038351686
-3.997                    6.928203230275509        20.278                   49.74208369053374
-4.227                    6.928203230275509        20.532                   49.96879589662546
-4.076                    6.928203230275509        20.227                   49.6029947229539
-3.93                     6.928203230275509        20.503                   50.15725381401536
-3.758                    6.928203230275509        20.202                   49.818941090669824
-4.068                    6.928203230275509        20.156                   49.49806941227618
-4.097                    6.928203230275509        20.221                   49.578079992558095
-4.153                    6.928203230275509        20.481                   49.945133333644776
-3.994                    6.928203230275509        20.453                   50.02290654355509
-3.856                    6.928203230275509        20.615                   50.400151893325145
-3.9310000000000005       6.928203230275509        20.396                   49.984980016646816
-3.761                    6.928203230275509        20.461                   50.229138548925214
-4.206                    6.928203230275509        20.59                    50.07737852651876
-3.856                    6.928203230275509        20.529                   50.2608860717371
-3.796                    6.928203230275509        20.356                   50.03253882448851
-4.116                    6.928203230275509        20.478                   49.968828854253786
-4.037                    6.928203230275509        20.432                   49.95604416983439
-4.033                    6.928203230275509        20.298000000000002       49.74653117090735
-4.232                    6.928203230275509        20.402                   49.7599617358115
-3.904                    6.928203230275509        20.224                   49.734747572131766
-4.014                    6.928203230275509        20.386000000000003       49.90025277279641
-3.764                    6.928203230275509        20.238                   49.870987164285815
-4.112                    6.928203230275509        20.268                   49.64043162730677
-3.865                    6.928203230275509        20.201                   49.73065594218368
-3.799                    6.928203230275509        20.399                   50.09878898754385
-3.882                    6.928203230275509        20.191                   49.70096657151537
-3.841                    6.928203230275509        20.189000000000004       49.73139426863663
-4.237                    6.928203230275509        20.419                   49.78282356023207
-4.049                    6.928203230275509        20.582                   50.18717236102456
-4.024                    6.928203230275509        20.511                   50.09237168725642
-4.179                    6.928203230275509        20.305                   49.64819292668776
-3.982                    6.928203230275509        20.482                   50.07958661981266
-4.014                    6.928203230275509        20.136000000000003       49.50632791088735
-4.144                    6.928203230275509        20.459000000000003       49.91715285250202
-4.023                    6.928203230275509        20.249                   49.67676552670837
-4.218                    6.928203230275509        20.221                   49.488435352070276
-4.23                     6.928203230275509        20.427                   49.8007453410662
-3.882                    6.928203230275509        20.132                   49.60842890401456
-3.884                    6.928203230275509        20.152                   49.63810675217614
-3.9900000000000007       6.928203230275509        20.331                   49.831896120820595
-3.815                    6.928203230275509        20.211                   49.78718250373167
-4.181                    6.928203230275509        20.372                   49.751649188332365
-4.105                    6.928203230275509        20.375                   49.81395135097304
-3.885                    6.928203230275509        20.155                   49.641986974133005
-4.141                    6.928203230275509        20.204                   49.51906937411054
-4.094                    6.928203230275509        20.456                   49.950713908213004
-4.167                    6.928203230275509        20.406                   49.81578624140524
-3.765                    6.928203230275509        20.439                   50.19053290540417
-4.095                    6.928203230275509        20.28                    49.67191662225665
-3.799                    6.928203230275509        20.401                   50.101989319465396
-4.146000000000001        6.928203230275509        20.517                   50.0077623546204
