% Model:              Untitled.mph
% Version:            COMSOL 6.1.0.357
% Date:               Jan 20 2025, 18:49
% Dimension:          3
% Nodes:              200
% Expressions:        1
% Description:        Potenziale elettrico
% Length unit:        mm
% x                       y                        z                        V (V)
3.908                     6.928203230275509        18.877                   24.987275804443527
4.019                     6.928203230275509        18.604                   24.829283566179978
3.9769999999999994        6.928203230275509        18.532                   24.80353593385912
4.035                     6.928203230275509        18.504                   24.782253930250466
3.874                     6.928203230275509        18.696                   24.912083731834358
3.818                     6.928203230275509        18.528                   24.850339586845436
4.131                     6.928203230275509        18.621                   24.833664364906944
4.028                     6.928203230275509        18.82                    24.930538318361275
4.078                     6.928203230275509        18.478                   24.768862436384126
3.953                     6.928203230275509        18.515                   24.803133359771763
3.81                      6.928203230275509        18.863                   25.01046200219435
4.034000000000001         6.928203230275509        18.568                   24.812028745584733
4.195                     6.928203230275509        18.606                   24.824578500769565
3.904                     6.928203230275509        18.667                   24.889269594396158
4.053                     6.928203230275509        18.842                   24.940157789896336
3.87                      6.928203230275509        18.794                   24.959556415333637
4.17                      6.928203230275509        18.806                   24.919301649758754
3.8960000000000004        6.928203230275509        18.633                   24.875782450579802
4.007000000000001         6.928203230275509        18.53                    24.795192268982568
3.805                     6.928203230275509        18.669                   24.92019594792971
4.083000000000001         6.928203230275509        18.700000000000003       24.872205574662058
4.242                     6.928203230275509        18.538                   24.791383891507135
4.234                     6.928203230275509        18.476                   24.762921251963615
4.233                     6.928203230275509        18.861000000000004       24.94314552219837
3.979                     6.928203230275509        18.675                   24.86969260182796
4.028                     6.928203230275509        18.493                   24.7773716669754
3.901                     6.928203230275509        18.622                   24.869097937661785
4.078                     6.928203230275509        18.64                    24.84424512826072
3.9900000000000007        6.928203230275509        18.595                   24.828793107776754
3.9389999999999996        6.928203230275509        18.514                   24.807016109349366
3.867                     6.928203230275509        18.543                   24.842579927207826
3.895                     6.928203230275509        18.453                   24.792258918711514
3.885                     6.928203230275509        18.906                   25.008175504272906
4.176                     6.928203230275509        18.666                   24.853244694860475
4.072                     6.928203230275509        18.492                   24.775534374442334
4.039                     6.928203230275509        18.703                   24.875016705958647
3.821                     6.928203230275509        18.697                   24.928582493246875
4.168                     6.928203230275509        18.769                   24.901904289570794
4.034000000000001         6.928203230275509        18.86                    24.94930386681458
4.037                     6.928203230275509        18.788                   24.915120452292815
3.882                     6.928203230275509        18.692                   24.9077602520629
4.197                     6.928203230275509        18.691                   24.864268643868446
3.93                      6.928203230275509        18.477                   24.79263041778745
4.103                     6.928203230275509        18.547                   24.800079803651336
3.825                     6.928203230275509        18.665000000000003       24.912331523626637
3.9560000000000004        6.928203230275509        18.775                   24.92398855883725
3.839                     6.928203230275509        18.894                   25.01648625300774
3.794                     6.928203230275509        18.733                   24.95362350313521
4.197                     6.928203230275509        18.654                   24.84693632844194
3.769                     6.928203230275509        18.732                   24.960565283353418
3.868                     6.928203230275509        18.426                   24.78797415048905
3.7680000000000002        6.928203230275509        18.609                   24.903006889889163
3.973                     6.928203230275509        18.455                   24.76908172525031
3.792                     6.928203230275509        18.573                   24.879069801355172
4.172                     6.928203230275509        18.691                   24.86509314665151
4.087                     6.928203230275509        18.773000000000003       24.90643557692842
4.079                     6.928203230275509        18.474                   24.76697973168946
3.756                     6.928203230275509        18.447                   24.83102306039678
4.129                     6.928203230275509        18.786                   24.91120559364394
3.8400000000000003        6.928203230275509        18.834                   24.98763783993113
3.82                      6.928203230275509        18.565                   24.86699492210495
4.063                     6.928203230275509        18.585                   24.819038089985472
3.945                     6.928203230275509        18.479                   24.788915113523426
3.922                     6.928203230275509        18.879000000000005       24.98388905838283
3.844                     6.928203230275509        18.525                   24.841146904264228
4.236                     6.928203230275509        18.449000000000005       24.750381535946264
4.243                     6.928203230275509        18.438                   24.74507594110967
3.848                     6.928203230275509        18.527                   24.840873043312154
4.104                     6.928203230275509        18.727                   24.88421825937111
4.245                     6.928203230275509        18.889                   24.95599640012733
3.807                     6.928203230275509        18.642                   24.9069181821719
3.91                      6.928203230275509        18.518                   24.817821414847522
4.161                     6.928203230275509        18.608                   24.826623231514066
3.935                     6.928203230275509        18.476                   24.790621919824815
4.035                     6.928203230275509        18.684                   24.866222862855786
4.016000000000001         6.928203230275509        18.881                   24.959851902736073
3.799                     6.928203230275509        18.419                   24.805397793363497
3.994                     6.928203230275509        18.809                   24.92809010897592
4.228                     6.928203230275509        18.549                   24.796955957375303
3.9119999999999995        6.928203230275509        18.769                   24.93483842851207
4.108                     6.928203230275509        18.742                   24.89114710491262
3.8510000000000004        6.928203230275509        18.49                    24.82276510174128
4.105                     6.928203230275509        18.443                   24.751830600293005
4.093                     6.928203230275509        18.536                   24.79528542183188
3.948                     6.928203230275509        18.592                   24.840547568608873
4.084                     6.928203230275509        18.508                   24.78257316285436
3.941                     6.928203230275509        18.461                   24.781817031432013
3.92                      6.928203230275509        18.668                   24.884806693998918
3.879                     6.928203230275509        18.615                   24.872551371391204
3.907                     6.928203230275509        18.595                   24.85462866986024
3.761                     6.928203230275509        18.905                   25.045077959504642
3.915                     6.928203230275509        18.615                   24.861516314225582
4.13                      6.928203230275509        18.754000000000005       24.896082930437665
3.848                     6.928203230275509        18.812                   24.97477596211485
4.193                     6.928203230275509        18.534                   24.791138551089546
3.796                     6.928203230275509        18.703                   24.93887932462041
3.852                     6.928203230275509        18.904                   25.01730881250142
4.032                     6.928203230275509        18.838                   24.9389354829214
3.9659999999999997        6.928203230275509        18.664000000000005       24.8686153032487
3.8600000000000003        6.928203230275509        18.652                   24.8956674523382
3.8040000000000003        6.928203230275509        18.455                   24.82058644626103
4.208                     6.928203230275509        18.586                   24.81482849904244
3.9490000000000003        6.928203230275509        18.748                   24.913434506384885
4.145                     6.928203230275509        18.465                   24.760723334291274
4.195                     6.928203230275509        18.576                   24.81059894835769
3.782                     6.928203230275509        18.572                   24.881563343727933
3.811                     6.928203230275509        18.904                   25.029699564371946
4.055                     6.928203230275509        18.473                   24.76726877043356
4.007000000000001         6.928203230275509        18.48                    24.771998306921216
3.838                     6.928203230275509        18.893                   25.016312390676614
3.774                     6.928203230275509        18.463                   24.833164336947583
4.156                     6.928203230275509        18.483                   24.76869660818558
4.083000000000001         6.928203230275509        18.447                   24.754370805168087
3.889                     6.928203230275509        18.734                   24.92539628985603
3.799                     6.928203230275509        18.777                   24.97293346379833
3.9430000000000005        6.928203230275509        18.847                   24.962144092743184
3.7840000000000003        6.928203230275509        18.752                   24.965572186921246
4.240000000000001         6.928203230275509        18.852                   24.938643270268823
4.145                     6.928203230275509        18.738                   24.88805967563154
4.223                     6.928203230275509        18.572                   24.807815754884995
3.864                     6.928203230275509        18.844000000000005       24.98509796694691
3.967                     6.928203230275509        18.573                   24.825754823721248
4.206                     6.928203230275509        18.778                   24.904885537320038
4.097                     6.928203230275509        18.522000000000002       24.788657287832276
3.791                     6.928203230275509        18.864                   25.016620895042653
3.827                     6.928203230275509        18.552                   24.85883327884502
4.212                     6.928203230275509        18.463                   24.757633046097503
4.227                     6.928203230275509        18.885                   24.954724892508104
3.79                      6.928203230275509        18.591                   24.88807857583677
4.229                     6.928203230275509        18.562                   24.802965628237967
3.891                     6.928203230275509        18.602                   24.86280609414209
4.183                     6.928203230275509        18.862000000000002       24.945341325593613
4.008                     6.928203230275509        18.865                   24.952507293023526
4.218                     6.928203230275509        18.673                   24.85513528384818
4.155000000000001         6.928203230275509        18.499                   24.776137893048446
3.818                     6.928203230275509        18.843                   24.998548034687886
4.204                     6.928203230275509        18.801                   24.91580258036343
3.844                     6.928203230275509        18.683000000000003       24.915072141990837
4.078                     6.928203230275509        18.593000000000004       24.82229323346122
4.097                     6.928203230275509        18.498                   24.77752618350164
4.099                     6.928203230275509        18.451                   24.75571506602322
4.057                     6.928203230275509        18.694                   24.870218791355327
4.029                     6.928203230275509        18.696                   24.872045153651143
3.7860000000000005        6.928203230275509        18.422                   24.81062928858539
4.131                     6.928203230275509        18.451                   24.7547006867921
3.9659999999999997        6.928203230275509        18.866                   24.963955386949962
4.089                     6.928203230275509        18.729                   24.885642833499904
3.872                     6.928203230275509        18.825                   24.973637342865555
4.224                     6.928203230275509        18.72                    24.876983006485275
3.9430000000000005        6.928203230275509        18.504                   24.801131986748974
4.039                     6.928203230275509        18.534                   24.796055934906807
4.225                     6.928203230275509        18.55                    24.797519652579233
4.03                      6.928203230275509        18.607                   24.830339919733632
4.063                     6.928203230275509        18.602                   24.826966994403094
3.883                     6.928203230275509        18.537                   24.834921336635862
3.987                     6.928203230275509        18.679                   24.869048847206503
3.8690000000000007        6.928203230275509        18.475                   24.810362893206804
3.94                      6.928203230275509        18.501                   24.800669418615296
3.7660000000000005        6.928203230275509        18.683000000000003       24.938348320264957
4.001                     6.928203230275509        18.844000000000005       24.942766443376303
4.111                     6.928203230275509        18.666                   24.855358930083412
3.7860000000000005        6.928203230275509        18.885                   25.028115462242226
3.776                     6.928203230275509        18.679                   24.93351285745641
4.104                     6.928203230275509        18.565                   24.808420960883296
4.097                     6.928203230275509        18.83                    24.93305038483083
3.872                     6.928203230275509        18.555                   24.846654942153638
4.227                     6.928203230275509        18.712                   24.873125236012573
3.875                     6.928203230275509        18.865                   24.991719151741528
3.8580000000000005        6.928203230275509        18.506                   24.828086085274457
3.965                     6.928203230275509        18.596                   24.83711073683689
4.207                     6.928203230275509        18.599                   24.82091940909119
4.116                     6.928203230275509        18.601                   24.8248117696276
4.025                     6.928203230275509        18.571                   24.81370726158362
4.067                     6.928203230275509        18.462                   24.76180502002118
3.776                     6.928203230275509        18.827                   25.003487100812663
4.21                      6.928203230275509        18.53                    24.788725471812633
4.207                     6.928203230275509        18.442                   24.748098960278288
3.9260000000000006        6.928203230275509        18.615                   24.85812017591092
4.227                     6.928203230275509        18.678                   24.857177829189144
4.026                     6.928203230275509        18.647000000000002       24.849165796830217
4.065000000000001         6.928203230275509        18.512                   24.785026840675716
3.782                     6.928203230275509        18.828                   25.00218068463344
4.152                     6.928203230275509        18.835                   24.933614512018202
4.026                     6.928203230275509        18.691                   24.869792213452556
3.884                     6.928203230275509        18.828                   24.971387731188834
3.9980000000000007        6.928203230275509        18.519                   24.79089050273909
3.848                     6.928203230275509        18.906                   25.01947843168615
4.011                     6.928203230275509        18.768                   24.906504092332323
4.035                     6.928203230275509        18.765                   24.904328077371193
3.885                     6.928203230275509        18.895                   25.00293310549125
4.110000000000001         6.928203230275509        18.619                   24.833406280216636
3.9909999999999997        6.928203230275509        18.897                   24.97079477996162
4.016000000000001         6.928203230275509        18.553                   24.805607416877283
3.987                     6.928203230275509        18.718000000000004       24.887372575845124
4.244                     6.928203230275509        18.569                   24.805724021410988
3.8980000000000006        6.928203230275509        18.886                   24.994646445149407
4.047                     6.928203230275509        18.55                    24.80324404792312
4.232                     6.928203230275509        18.585                   24.813569623764366
4.035                     6.928203230275509        18.693                   24.870446991829745
4.186                     6.928203230275509        18.713                   24.874958101035542
