% Model:              Untitled.mph
% Version:            COMSOL 6.1.0.357
% Date:               Jan 20 2025, 18:48
% Dimension:          3
% Nodes:              187
% Expressions:        1
% Description:        Potenziale elettrico
% Length unit:        mm
% x                       y                        z                        V (V)
-3.9610000000000003       6.928203230275509        27.474                   65.20138948446491
-4.179                    6.928203230275509        27.425                   64.69914490982018
-3.889                    6.928203230275509        27.418000000000003       65.41494497937876
-4.235                    6.928203230275509        27.761                   63.867026509519405
-4.0920000000000005       6.928203230275509        27.784                   64.22629625865768
-3.9610000000000003       6.928203230275509        27.809                   64.49503340406113
-4.236                    6.928203230275509        27.771                   63.844445240645086
-4.219                    6.928203230275509        27.47                    64.4901234774226
-4.003                    6.928203230275509        27.768                   64.51939002387958
-4.215                    6.928203230275509        27.642                   64.1588145460904
-3.818                    6.928203230275509        27.588                   65.16213440524638
-3.9780000000000006       6.928203230275509        27.385                   65.35819327920527
-4.219                    6.928203230275509        27.667                   64.09799553738497
-4.061                    6.928203230275509        27.713                   64.46337936250218
-4.101000000000001        6.928203230275509        27.784                   64.20038174387678
-4.101000000000001        6.928203230275509        27.542                   64.69624321838906
-4.029                    6.928203230275509        27.606                   64.78173271839123
-4.029                    6.928203230275509        27.45                    65.10666457051946
-4.212                    6.928203230275509        27.799                   63.855693581343424
-3.9389999999999996       6.928203230275509        27.465                   65.25081510277977
-4.16                     6.928203230275509        27.830000000000002       63.93891957255819
-4.091                    6.928203230275509        27.697                   64.4083080701964
-3.941                    6.928203230275509        27.436000000000003       65.30369321036662
-4.169                    6.928203230275509        27.508000000000003       64.56126159301229
-3.787                    6.928203230275509        27.511                   65.369419061526
-4.236                    6.928203230275509        27.418000000000003       64.54384339560688
-3.806                    6.928203230275509        27.866000000000003       64.59094509520568
-4.252                    6.928203230275509        27.689                   63.96068114591393
-4.125                    6.928203230275509        27.434                   64.84387091423571
-4.116                    6.928203230275509        27.62                    64.49256636206563
-4.185                    6.928203230275509        27.576                   64.37700221864422
-4.172                    6.928203230275509        27.652000000000005       64.26368289636873
-4.251                    6.928203230275509        27.433                   64.47003132676357
-3.934                    6.928203230275509        27.419000000000004       65.34528823598171
-4.057                    6.928203230275509        27.591                   64.72840137197085
-3.745                    6.928203230275509        27.764                   64.89491666035212
-4.136                    6.928203230275509        27.46                    64.75774668435997
-4.051                    6.928203230275509        27.834                   64.2409446125415
-3.9260000000000006       6.928203230275509        27.672                   64.83253979863335
-4.124                    6.928203230275509        27.787                   64.12829463277019
-4.211                    6.928203230275509        27.421                   64.61177685501613
-4.048                    6.928203230275509        27.57                    64.79922057133726
-4.165                    6.928203230275509        27.74                    64.10659251235894
-4.169                    6.928203230275509        27.634000000000004       64.3084119928754
-3.9839999999999995       6.928203230275509        27.657                   64.78434016209114
-4.01                     6.928203230275509        27.415                   65.23851465460051
-3.8600000000000003       6.928203230275509        27.427                   65.44192256261915
-3.847                    6.928203230275509        27.781                   64.71279819312521
-4.04                     6.928203230275509        27.864                   64.21001838500896
-3.908                    6.928203230275509        27.363                   65.48816687486648
-4.172                    6.928203230275509        27.509000000000004       64.55031220672356
-4.004                    6.928203230275509        27.562000000000005       64.95015255095308
-4.056                    6.928203230275509        27.496                   64.92781960541541
-3.9510000000000005       6.928203230275509        27.488                   65.18574795970974
-4.066                    6.928203230275509        27.44                    65.01241417624811
-3.8580000000000005       6.928203230275509        27.689                   64.89182342058137
-3.965                    6.928203230275509        27.562000000000005       65.01058432504212
-4.039                    6.928203230275509        27.846                   64.25052210769726
-4.121                    6.928203230275509        27.54                    64.63989865848518
-4.135                    6.928203230275509        27.39                    64.90238294030401
-3.758                    6.928203230275509        27.704000000000004       65.00319602659783
-3.867                    6.928203230275509        27.457                   65.36875575050178
-3.852                    6.928203230275509        27.478                   65.34579063171682
-3.954                    6.928203230275509        27.362                   65.43433255415316
-3.7680000000000002       6.928203230275509        27.418000000000003       65.59339799452866
-4.12                     6.928203230275509        27.628                   64.46442540219795
-4.131                    6.928203230275509        27.859                   63.96152094905193
-3.882                    6.928203230275509        27.412                   65.43657035803265
-4.182                    6.928203230275509        27.574                   64.3898244739917
-3.781                    6.928203230275509        27.44                    65.5280392790822
-4.225                    6.928203230275509        27.417000000000005       64.57828706083335
-4.128000000000001        6.928203230275509        27.558                   64.582500879103
-3.88                     6.928203230275509        27.634000000000004       64.97700408431173
-3.901                    6.928203230275509        27.746                   64.711027345358
-3.962                    6.928203230275509        27.375                   65.39790407912105
-4.107                    6.928203230275509        27.849000000000004       64.04976726653855
-4.178                    6.928203230275509        27.494                   64.56294092411817
-4.238                    6.928203230275509        27.711                   63.9572704053247
-4.081                    6.928203230275509        27.503                   64.8366989687902
-3.769                    6.928203230275509        27.483                   65.45468315200411
-3.9389999999999996       6.928203230275509        27.78                    64.5865172190305
-3.846                    6.928203230275509        27.686                   64.9151414176803
-3.7590000000000003       6.928203230275509        27.718                   64.972092097912
-4.086                    6.928203230275509        27.81                    64.18996560451376
-4.154                    6.928203230275509        27.576                   64.46871680117876
-3.839                    6.928203230275509        27.61                    65.0856839288532
-3.788                    6.928203230275509        27.508000000000003       65.37430895104733
-4.064                    6.928203230275509        27.725                   64.42966941428999
-4.226                    6.928203230275509        27.613                   64.18408565791465
-3.8690000000000007       6.928203230275509        27.867000000000004       64.49980811089817
-3.8580000000000005       6.928203230275509        27.723000000000003       64.81994973404753
-3.764                    6.928203230275509        27.754                   64.88858559485182
-4.107                    6.928203230275509        27.434                   64.89871673577134
-3.897                    6.928203230275509        27.713                   64.78633363052253
-4.042                    6.928203230275509        27.741000000000003       64.4610405753294
-4.082                    6.928203230275509        27.832000000000004       64.15601308512537
-3.793                    6.928203230275509        27.8                     64.74939002931927
-4.047                    6.928203230275509        27.624                   64.68993340437007
-3.808                    6.928203230275509        27.582                   65.18915001132977
-3.85                     6.928203230275509        27.731                   64.81433224341802
-3.882                    6.928203230275509        27.391                   65.47509975770578
-3.819                    6.928203230275509        27.877                   64.54914135848371
-3.823                    6.928203230275509        27.371                   65.60220783252059
-3.78                     6.928203230275509        27.805                   64.7574464384289
-4.207                    6.928203230275509        27.608                   64.24913823643632
-4.119000000000001        6.928203230275509        27.776000000000003       64.16508166724071
-3.762                    6.928203230275509        27.519                   65.38880603500267
-4.1                      6.928203230275509        27.81                    64.14982100833454
-3.9580000000000006       6.928203230275509        27.468                   65.21816246776456
-4.196                    6.928203230275509        27.781                   63.93641340280114
-3.876                    6.928203230275509        27.412                   65.44568615660364
-3.9380000000000006       6.928203230275509        27.675                   64.80958977563456
-4.112                    6.928203230275509        27.843                   64.04789579010708
-4.019                    6.928203230275509        27.461                   65.11509474149724
-4.144                    6.928203230275509        27.684                   64.28031111248703
-4.005                    6.928203230275509        27.402                   65.28110684021829
-3.861                    6.928203230275509        27.639                   64.99322951692275
-3.921                    6.928203230275509        27.638                   64.91123129551836
-4.009                    6.928203230275509        27.694                   64.65738726220127
-4.002                    6.928203230275509        27.466                   65.15791862777888
-3.985                    6.928203230275509        27.59                    64.92416042282512
-4.243                    6.928203230275509        27.729                   63.90783878724816
-3.8330000000000006       6.928203230275509        27.65                    65.00970122184381
-3.987                    6.928203230275509        27.52                    65.0688163654728
-3.741                    6.928203230275509        27.389                   65.69415620441598
-3.772                    6.928203230275509        27.599000000000004       65.20513854691723
-3.932                    6.928203230275509        27.573                   65.03302803863791
-4.077                    6.928203230275509        27.501                   64.85305059263871
-4.216                    6.928203230275509        27.453000000000003       64.53302954060612
-4.094                    6.928203230275509        27.701                   64.39129127883622
-4.087                    6.928203230275509        27.59                    64.64034303660911
-4.222000000000001        6.928203230275509        27.569                   64.28218054881208
-4.144                    6.928203230275509        27.773                   64.09970625413428
-4.123                    6.928203230275509        27.629                   64.45354283769261
-4.155000000000001        6.928203230275509        27.662                   64.29292875205061
-4.142                    6.928203230275509        27.69                    64.27393744303508
-4.231000000000001        6.928203230275509        27.859                   63.683875761717296
-4.186                    6.928203230275509        27.568                   64.38994053948048
-3.9240000000000004       6.928203230275509        27.529                   65.136891179001
-3.895                    6.928203230275509        27.813000000000002       64.57774592041686
-4.16                     6.928203230275509        27.683                   64.23601269087017
-4.067                    6.928203230275509        27.598000000000003       64.68380986868354
-4.091                    6.928203230275509        27.656                   64.49266385263978
-3.847                    6.928203230275509        27.863                   64.53919742370412
-3.812                    6.928203230275509        27.525000000000002       65.30380705619086
-4.04                     6.928203230275509        27.566                   64.83183566255086
-3.947                    6.928203230275509        27.580000000000002       64.99748886632743
-3.763                    6.928203230275509        27.764                   64.86883998640313
-4.047                    6.928203230275509        27.576                   64.78977675794684
-3.941                    6.928203230275509        27.514                   65.14485661040706
-3.828                    6.928203230275509        27.746                   64.81378778918531
-4.116                    6.928203230275509        27.483                   64.77134095944663
-3.7660000000000005       6.928203230275509        27.438                   65.55409049442358
-3.837                    6.928203230275509        27.483                   65.35663324228052
-4.042                    6.928203230275509        27.874                   64.18337832280696
-3.9589999999999996       6.928203230275509        27.66                    64.81227695772483
-4.201                    6.928203230275509        27.808                   63.868401027558754
-3.763                    6.928203230275509        27.718                   64.9662999054386
-3.755                    6.928203230275509        27.368                   65.71349270410708
-4.224                    6.928203230275509        27.858                   63.70505888557594
-4.018                    6.928203230275509        27.484                   65.07042848000629
-4.094                    6.928203230275509        27.522                   64.75817270603632
-3.802                    6.928203230275509        27.658                   65.0370924260152
-4.041                    6.928203230275509        27.409                   65.15367235235851
-3.8780000000000006       6.928203230275509        27.681                   64.8805526993717
-3.9980000000000007       6.928203230275509        27.823                   64.41507571024835
-3.756                    6.928203230275509        27.385                   65.68053585259128
-3.9639999999999995       6.928203230275509        27.441                   65.2602562100085
-4.024                    6.928203230275509        27.857                   64.27080265750057
-3.901                    6.928203230275509        27.38                    65.46643809725
-3.8980000000000006       6.928203230275509        27.583                   65.05936926017226
-4.072                    6.928203230275509        27.604                   64.65640365080418
-4.085                    6.928203230275509        27.493                   64.84510245241233
-3.8980000000000006       6.928203230275509        27.413                   65.4104902932705
-3.7660000000000005       6.928203230275509        27.462                   65.5034082657827
-3.87                     6.928203230275509        27.415                   65.44930629440319
-3.9169999999999994       6.928203230275509        27.538                   65.12768541162599
-3.812                    6.928203230275509        27.752                   64.82387876826657
-3.9360000000000004       6.928203230275509        27.704000000000004       64.75114953963515
-3.9180000000000006       6.928203230275509        27.481                   65.24639019589334
-3.9110000000000005       6.928203230275509        27.841                   64.49628460473028
-3.9810000000000003       6.928203230275509        27.584                   64.94227387531697
-4.161                    6.928203230275509        27.574                   64.45194827430137
-4.054                    6.928203230275509        27.579000000000004       64.7623580729416
-3.7480000000000007       6.928203230275509        27.381                   65.70045955287242
-4.157                    6.928203230275509        27.447                   64.72082590597908
-4.229                    6.928203230275509        27.675                   64.05359549657659
