% Model:              Untitled.mph
% Version:            COMSOL 6.1.0.357
% Date:               Jan 20 2025, 18:49
% Dimension:          3
% Nodes:              119
% Expressions:        1
% Description:        Potenziale elettrico
% Length unit:        mm
% x                       y                        z                        V (V)
3.914                     6.928203230275509        57.301                   30.498372978456693
3.879                     6.928203230275509        57.38                    30.475481745460986
4.012                     6.928203230275509        57.453                   30.395223536662538
4.022                     6.928203230275509        57.305                   30.462053739208493
3.933                     6.928203230275509        57.351                   30.46819930573488
4.054                     6.928203230275509        57.253                   30.484144337156046
4.088                     6.928203230275509        57.302                   30.459668629697816
4.139                     6.928203230275509        57.424                   30.40115395563749
4.055                     6.928203230275509        57.438                   30.399602890559187
3.9780000000000006        6.928203230275509        57.265                   30.490263694649194
3.91                      6.928203230275509        57.334                   30.484762805781315
3.9710000000000005        6.928203230275509        57.347                   30.45535988890903
4.110000000000001         6.928203230275509        57.51                    30.364030569768754
3.967                     6.928203230275509        57.255                   30.499152913161673
3.8870000000000005        6.928203230275509        57.50900000000001        30.414042346806994
4.008                     6.928203230275509        57.298                   30.466055368507433
3.863                     6.928203230275509        57.45                    30.44968520542385
3.9710000000000005        6.928203230275509        57.468                   30.40039662658764
3.9090000000000003        6.928203230275509        57.477000000000004       30.42013710454358
4.005                     6.928203230275509        57.398                   30.420542032871158
4.134                     6.928203230275509        57.287                   30.46388579764402
4.102                     6.928203230275509        57.266                   30.475394600445338
3.903                     6.928203230275509        57.294                   30.505776044151595
4.035                     6.928203230275509        57.303                   30.462235698370655
3.999                     6.928203230275509        57.471                   30.38812763505222
4.056                     6.928203230275509        57.413                   30.41087173650289
4.016000000000001         6.928203230275509        57.273                   30.477095117660678
4.073                     6.928203230275509        57.359                   30.434465436154667
4.032                     6.928203230275509        57.372                   30.430861673455816
4.086                     6.928203230275509        57.268                   30.4753989727772
4.136                     6.928203230275509        57.302                   30.45689053427364
4.052                     6.928203230275509        57.404                   30.415181519277194
4.118                     6.928203230275509        57.458000000000006       30.386992766234126
4.043                     6.928203230275509        57.412                   30.412057533266093
4.104                     6.928203230275509        57.445                   30.393663047439702
3.893                     6.928203230275509        57.405                   30.458817323193955
3.948                     6.928203230275509        57.36                    30.458321692682755
3.863                     6.928203230275509        57.421                   30.46283399108365
3.9189999999999996        6.928203230275509        57.425                   30.439859929340628
4.103                     6.928203230275509        57.477000000000004       30.37928092829757
4.03                      6.928203230275509        57.378                   30.428241455736774
4.067                     6.928203230275509        57.427                   30.403905442186513
3.8980000000000006        6.928203230275509        57.431                   30.44511933666425
3.877                     6.928203230275509        57.481                   30.430423148740022
3.87                      6.928203230275509        57.433                   30.454765631476157
4.061                     6.928203230275509        57.385                   30.423306811738758
4.125                     6.928203230275509        57.303                   30.457072119227604
4.038                     6.928203230275509        57.389                   30.422786080172276
3.907                     6.928203230275509        57.335                   30.48544623192639
3.953                     6.928203230275509        57.25                    30.506883755046054
4.021                     6.928203230275509        57.267                   30.47957402725749
3.881                     6.928203230275509        57.479                   30.429821479590917
4.017                     6.928203230275509        57.389                   30.423964373843393
4.125                     6.928203230275509        57.428                   30.400149086591963
4.125                     6.928203230275509        57.32900000000001        30.445173229757586
4.06                      6.928203230275509        57.423                   30.406112675704307
4.017                     6.928203230275509        57.28                    30.473818350081896
3.955                     6.928203230275509        57.319                   30.474374810722864
3.882                     6.928203230275509        57.408                   30.461605370913396
3.9700000000000006        6.928203230275509        57.287                   30.483251559944268
3.954                     6.928203230275509        57.381                   30.446430750808734
4.027                     6.928203230275509        57.251                   30.486606271874606
3.952                     6.928203230275509        57.347                   30.462717281671438
3.962                     6.928203230275509        57.489                   30.394411487387387
3.906                     6.928203230275509        57.44                    30.438006734903396
4.034000000000001         6.928203230275509        57.40100000000001        30.41755682686938
3.93                      6.928203230275509        57.347                   30.471177593998966
3.993                     6.928203230275509        57.335                   30.452267827719112
4.035                     6.928203230275509        57.36                    30.43616287205304
4.075                     6.928203230275509        57.391                   30.419784586098274
4.007000000000001         6.928203230275509        57.312000000000005       30.45968875212612
4.06                      6.928203230275509        57.348000000000006       30.440223747714235
3.864                     6.928203230275509        57.282                   30.526016897232303
3.928                     6.928203230275509        57.381                   30.456425665904106
4.053                     6.928203230275509        57.498                   30.372650849132697
4.018                     6.928203230275509        57.272                   30.477442199240215
3.868                     6.928203230275509        57.374                   30.48235179746139
4.123                     6.928203230275509        57.277                   30.469118342640726
4.044                     6.928203230275509        57.361                   30.43519882083709
4.105                     6.928203230275509        57.268                   30.474300800446926
4.118                     6.928203230275509        57.396                   30.415055965713876
3.899                     6.928203230275509        57.245                   30.529876441464722
3.933                     6.928203230275509        57.25                    30.514588140977402
3.9050000000000002        6.928203230275509        57.275                   30.513758737600355
4.072                     6.928203230275509        57.513                   30.364842498323753
3.9980000000000007        6.928203230275509        57.507000000000005       30.37230480906235
4.038                     6.928203230275509        57.257000000000005       30.483214508533862
3.888                     6.928203230275509        57.26100000000001        30.526657628841242
4.002                     6.928203230275509        57.501                   30.374133326416057
3.872                     6.928203230275509        57.375                   30.480394147988793
3.9119999999999995        6.928203230275509        57.243                   30.525855063918055
3.948                     6.928203230275509        57.332                   30.47112192644938
4.072                     6.928203230275509        57.368                   30.43042057656453
4.025                     6.928203230275509        57.33100000000001        30.449973953925824
3.88                      6.928203230275509        57.303                   30.51034332513711
3.899                     6.928203230275509        57.413                   30.45291034698175
3.921                     6.928203230275509        57.244                   30.52195667858587
3.904                     6.928203230275509        57.363                   30.473784865868932
4.111                     6.928203230275509        57.486                   30.374767715705907
3.997                     6.928203230275509        57.287                   30.472711488079856
4.039                     6.928203230275509        57.51100000000001        30.367589008227892
3.922                     6.928203230275509        57.437000000000005       30.433274743161185
3.979                     6.928203230275509        57.382000000000005       30.436281678913314
4.041                     6.928203230275509        57.43900000000001        30.399936671439317
4.017                     6.928203230275509        57.377                   30.429426249992964
4.106                     6.928203230275509        57.379                   30.42347061761766
4.082                     6.928203230275509        57.45600000000001        30.3899441166466
4.129                     6.928203230275509        57.503                   30.36608680274109
4.037                     6.928203230275509        57.499                   30.37309386162947
4.039                     6.928203230275509        57.23800000000001        30.491921113185036
3.94                      6.928203230275509        57.382000000000005       30.451367967254644
4.099                     6.928203230275509        57.381                   30.422962125334664
3.9569999999999994        6.928203230275509        57.438                   30.419381976370936
3.8690000000000007        6.928203230275509        57.468                   30.43929636787647
3.9430000000000005        6.928203230275509        57.434                   30.42658914063243
3.9090000000000003        6.928203230275509        57.368                   30.469602523426044
3.9380000000000006        6.928203230275509        57.368                   30.458518390645164
3.9090000000000003        6.928203230275509        57.497                   30.41111991759338
3.872                     6.928203230275509        57.414                   30.46263957210619
