% Model:              Untitled.mph
% Version:            COMSOL 6.1.0.357
% Date:               Jan 20 2025, 18:49
% Dimension:          3
% Nodes:              142
% Expressions:        1
% Description:        Potenziale elettrico
% Length unit:        mm
% x                       y                        z                        V (V)
-3.806                    6.928203230275509        31.961999999999996       36.31690728708239
-4.2                      6.928203230275509        31.745999999999995       35.97783217754468
-4.107                    6.928203230275509        31.890999999999995       36.145274252495895
-4.063                    6.928203230275509        31.924                   36.185404524479374
-4.054                    6.928203230275509        31.678000000000004       35.915079044324614
-3.881                    6.928203230275509        31.667                   35.95945335986942
-4.091                    6.928203230275509        31.702                   35.93844262078972
-3.9810000000000003       6.928203230275509        31.732000000000003       35.98686606680426
-4.043                    6.928203230275509        31.849000000000004       36.10391331990427
-3.9580000000000006       6.928203230275509        31.972                   36.26253461307726
-4.065000000000001        6.928203230275509        31.835999999999995       36.08781848712375
-3.9290000000000003       6.928203230275509        31.725999999999996       36.003288035605074
-3.834                    6.928203230275509        32.032                   36.38329969306557
-3.829                    6.928203230275509        31.886                   36.22276702516446
-4.046                    6.928203230275509        31.749                   35.99350479407149
-3.809                    6.928203230275509        31.738000000000003       36.06776055790573
-3.9260000000000006       6.928203230275509        31.98                    36.28557932306359
-4.074                    6.928203230275509        31.823000000000004       36.07275809602763
-4.057                    6.928203230275509        31.754000000000005       35.9981389047579
-3.885                    6.928203230275509        31.821                   36.126978129882474
-4.08                     6.928203230275509        31.846                   36.097670545499696
-4.164000000000001        6.928203230275509        31.806                   36.04674836942841
-3.808                    6.928203230275509        31.688000000000002       36.01331338119945
-4.178                    6.928203230275509        31.788000000000004       36.02578439161608
-3.812                    6.928203230275509        31.974000000000004       36.32777331470659
-3.866                    6.928203230275509        31.719000000000005       36.02284157501261
-3.9189999999999996       6.928203230275509        31.976                   36.28418676608772
-3.9890000000000003       6.928203230275509        31.745999999999995       35.99865648316178
-3.8330000000000006       6.928203230275509        31.722                   36.04012616812202
-3.9769999999999994       6.928203230275509        31.936                   36.213997955740844
-3.9659999999999997       6.928203230275509        32.01                    36.30136127021259
-4.023                    6.928203230275509        31.682000000000002       35.921839800848865
-4.079                    6.928203230275509        31.752000000000002       35.994213525409315
-3.928                    6.928203230275509        31.841                   36.13039191094893
-3.9459999999999997       6.928203230275509        31.752000000000002       36.02437513137966
-4.066                    6.928203230275509        31.688000000000002       35.92508305774397
-4.127                    6.928203230275509        32.052                   36.322818864522176
-3.814                    6.928203230275509        32.002                   36.3581852661852
-4.044                    6.928203230275509        31.81                    36.060785286165356
-3.954                    6.928203230275509        31.967000000000002       36.25874026968601
-3.9659999999999997       6.928203230275509        31.753000000000004       36.01661928346655
-3.867                    6.928203230275509        31.851                   36.167863635067675
-3.894                    6.928203230275509        32.05400000000001        36.38223264431741
-3.902                    6.928203230275509        32.019                   36.3395968269118
-4.062                    6.928203230275509        31.655999999999995       35.890421890200756
-4.139                    6.928203230275509        31.921                   36.17591242015562
-4.059                    6.928203230275509        31.713000000000005       35.95299987988652
-4.026                    6.928203230275509        31.965                   36.23392091939249
-4.167                    6.928203230275509        31.958000000000002       36.21467572129889
-3.861                    6.928203230275509        31.745                   36.05352908675422
-4.028                    6.928203230275509        31.824000000000005       36.07747627729203
-3.9859999999999998       6.928203230275509        32.053                   36.34048532528336
-4.149                    6.928203230275509        31.995                   36.25735754292827
-4.144                    6.928203230275509        31.835999999999995       36.08145951802498
-3.829                    6.928203230275509        32.004                   36.354107482321666
-4.124                    6.928203230275509        31.965                   36.22602557859168
-4.118                    6.928203230275509        31.925                   36.182073109109396
-3.9769999999999994       6.928203230275509        31.761                   36.02051356255454
-4.052                    6.928203230275509        31.683000000000003       35.92070175384502
-4.194                    6.928203230275509        31.811                   36.0497709376174
-4.145                    6.928203230275509        31.725                   35.95931746484697
-3.818                    6.928203230275509        31.696                   36.01790384556834
-3.987                    6.928203230275509        32.004                   36.285258580082726
-4.058                    6.928203230275509        31.93                    36.192465562086085
-3.95                     6.928203230275509        32.007                   36.30512349634827
-4.062                    6.928203230275509        31.933000000000003       36.195478497569276
-4.104                    6.928203230275509        31.954000000000004       36.21542860071451
-3.835                    6.928203230275509        31.769                   36.09095338399073
-4.163                    6.928203230275509        32.05400000000001        36.32204362510193
-4.191000000000001        6.928203230275509        31.742                   35.97419068026163
-4.154                    6.928203230275509        31.796                   36.036559588461756
-4.168                    6.928203230275509        31.824000000000005       36.06625169012189
-4.022                    6.928203230275509        31.669000000000004       35.90770114698989
-4.016000000000001        6.928203230275509        31.849000000000004       36.10602121895428
-3.85                     6.928203230275509        31.665                   35.970485641643094
-3.847                    6.928203230275509        31.995999999999995       36.33754872789136
-4.166                    6.928203230275509        31.893000000000004       36.1426485298444
-4.06                     6.928203230275509        31.977999999999998       36.24569294938436
-3.864                    6.928203230275509        31.852999999999998       36.171359036680755
-3.87                     6.928203230275509        31.901                   36.221984706906596
-3.94                     6.928203230275509        31.806                   36.08647559106135
-4.129                    6.928203230275509        31.99                    36.253445651951935
-3.92                     6.928203230275509        31.710999999999995       35.990765861384794
-4.014                    6.928203230275509        32.049                   36.32862930518737
-4.129                    6.928203230275509        31.710999999999995       35.94527134400445
-4.189                    6.928203230275509        31.75                    35.98313123349548
-3.8130000000000006       6.928203230275509        31.878000000000004       36.22061725694749
-3.862                    6.928203230275509        31.754000000000005       36.0629982409669
-4.129                    6.928203230275509        31.940999999999995       36.19893597625338
-3.903                    6.928203230275509        31.966                   36.28001957293248
-4.118                    6.928203230275509        31.914000000000005       36.16986989105626
-3.902                    6.928203230275509        31.895                   36.2015265976916
-4.093                    6.928203230275509        31.907999999999998       36.16524514734992
-4.014                    6.928203230275509        31.9                     36.16264169843713
-3.9839999999999995       6.928203230275509        32.031                   36.3167700513443
-4.177                    6.928203230275509        31.804                   36.043473971419694
-4.025                    6.928203230275509        32                       36.27300617935227
-3.883                    6.928203230275509        31.920000000000005       36.237496673030655
-3.9639999999999995       6.928203230275509        31.752000000000002       36.01640886286434
-4.057                    6.928203230275509        31.889                   36.14706789259543
-3.827                    6.928203230275509        31.920000000000005       36.26135597004418
-3.908                    6.928203230275509        31.957                   36.26782063114318
-3.907                    6.928203230275509        31.773000000000003       36.064541867490064
-3.8510000000000004       6.928203230275509        31.674                   35.97990838179538
-3.987                    6.928203230275509        31.887999999999998       36.15623796910273
-4.087                    6.928203230275509        31.935                   36.19569271836055
-3.857                    6.928203230275509        31.759000000000004       36.07062768903431
-3.832                    6.928203230275509        32.05400000000001        36.4087799917971
-4.03                     6.928203230275509        31.958000000000002       36.22581408190098
-4.103                    6.928203230275509        31.701                   35.93639848902188
-4.124                    6.928203230275509        31.777                   36.018095208547315
-3.962                    6.928203230275509        31.962999999999997       36.25073122093862
-3.941                    6.928203230275509        31.791                   36.069499290294075
-4.006                    6.928203230275509        31.856                   36.114535764954944
-3.867                    6.928203230275509        31.903000000000002       36.225489310306216
-4.056                    6.928203230275509        32.053                   36.329748639395035
-4.083000000000001        6.928203230275509        31.893000000000004       36.14942487192305
-4.18                     6.928203230275509        31.749                   35.98277647568834
-3.902                    6.928203230275509        31.917                   36.22594609689805
-3.9310000000000005       6.928203230275509        31.972                   36.2744666803746
-3.982                    6.928203230275509        31.95                    36.22732720009453
-4.134                    6.928203230275509        31.957                   36.21630493029147
-3.932                    6.928203230275509        32.035                   36.34436575898337
-4.162                    6.928203230275509        31.710999999999995       35.94260337687357
-4.136                    6.928203230275509        31.962999999999997       36.2228119212412
-3.914                    6.928203230275509        31.699000000000005       35.98022597000185
-3.904                    6.928203230275509        31.815                   36.11214025869724
-3.803                    6.928203230275509        31.732000000000003       36.06366772426694
-3.828                    6.928203230275509        31.867                   36.20212933231712
-3.8980000000000006       6.928203230275509        31.845                   36.14788466679062
-4.192                    6.928203230275509        31.940000000000005       36.19258026513059
-4.029                    6.928203230275509        31.84                    36.09506450398369
-3.934                    6.928203230275509        31.906999999999996       36.200861142220056
-4.189                    6.928203230275509        32.025                   36.28744741154822
-3.992                    6.928203230275509        31.664000000000005       35.90746116981941
-4.06                     6.928203230275509        31.875                   36.13132761878777
-3.8510000000000004       6.928203230275509        31.774000000000004       36.089688207541364
-3.868                    6.928203230275509        31.89                    36.210637497079226
-3.848                    6.928203230275509        31.808000000000003       36.12844278840912
-3.837                    6.928203230275509        31.756                   36.07580280779658
-4.088                    6.928203230275509        31.678000000000004       35.9124252594738
-4.154                    6.928203230275509        31.917                   36.17023691320459
